0.045843	-622.400515
0.410846	-622.766094
1.131657	-623.488010
2.190347	-624.548321
3.561152	-625.921189
5.211699	-627.574060
7.104479	-629.469378
9.198439	-631.565933
11.450554	-633.820717
13.817325	-636.190054
16.256073	-638.631228
18.725977	-641.103429
21.188883	-643.568339
23.609855	-645.991122
25.957544	-648.340328
28.204391	-650.588494
30.326687	-652.711822
32.304543	-654.690474
34.121823	-656.508369
35.765963	-658.152917
37.227708	-659.614872
38.500814	-660.888006
39.581725	-661.968859
40.469258	-662.856139
41.164284	-663.550862
41.669381	-664.055634
41.988614	-664.374423
42.127304	-664.512621
42.091893	-664.476701
41.889834	-664.274050
41.529537	-663.913156
41.020335	-663.403313
40.372386	-662.754718
39.596652	-661.978260
38.704824	-661.085640
37.709282	-660.089372
36.623118	-659.002344
35.460111	-657.838494
34.234668	-656.612144
32.961793	-655.338363
31.656949	-654.032579
30.335947	-652.710619
29.014784	-651.388485
27.709423	-650.082181
26.435579	-648.807456
25.208490	-647.579438
24.042637	-646.412787
22.951436	-645.320857
21.946996	-644.315793
21.039850	-643.408110
20.238701	-642.606603
19.550254	-641.917891
18.979040	-641.346543
18.527328	-640.894850
18.195148	-640.562784
17.980350	-640.348318
17.878734	-640.247065
17.884254	-640.253043
17.989234	-640.358613
18.184638	-640.554664
18.460365	-640.831036
18.805554	-641.176913
19.208850	-641.580918
19.658633	-642.031439
20.143282	-642.516725
20.651401	-643.025534
21.172020	-643.546790
21.694788	-644.070056
22.210085	-644.585901
22.709092	-645.085370
23.183892	-645.560573
23.627536	-646.004551
24.034072	-646.411332
24.398567	-646.776095
24.717083	-647.094736
24.986646	-647.364458
25.205203	-647.582984
25.371582	-647.749384
25.485414	-647.863214
25.547044	-647.924703
25.557506	-647.935044
25.518460	-647.895906
25.432077	-647.809337
25.301014	-647.678096
25.128403	-647.505281
24.917777	-647.294423
24.673029	-647.049447
24.398370	-646.774527
24.098315	-646.474155
23.777669	-646.153246
23.441451	-645.816749
23.094845	-645.469821
22.743169	-645.117848
22.391836	-644.766209
22.046290	-644.420313
21.711937	-644.085684
21.394078	-643.767528
21.097842	-643.471058
20.828127	-643.201052
20.589546	-642.962200
20.386368	-642.758816
20.222426	-642.594682
20.101083	-642.473133
20.025212	-642.397163
19.997140	-642.368941
20.018607	-642.390361
20.090720	-642.462467
20.213934	-642.585687
20.388040	-642.759882
20.612145	-642.983989
20.884653	-643.256666
21.203264	-643.575407
21.564969	-643.937364
21.966058	-644.338730
22.402179	-644.775153
22.868403	-645.241654
23.359288	-645.732940
23.868993	-646.242995
24.391375	-646.765742
24.920106	-647.294815
25.448770	-647.823866
25.971002	-648.346506
26.480622	-648.856384
26.971706	-649.347839
27.438667	-649.815081
27.876366	-650.253017
28.280187	-650.657078
28.646033	-651.023119
28.970430	-651.347708
29.250564	-651.627938
29.484184	-651.861641
29.669616	-652.047115
29.805786	-652.183325
29.892204	-652.269676
29.928932	-652.306393
29.916537	-652.293948
29.856002	-652.233321
29.748755	-652.125984
29.596702	-651.973775
29.402159	-651.779076
29.167819	-651.544568
28.896760	-651.273307
28.592468	-650.968786
28.258794	-650.634829
27.899834	-650.275667
27.519912	-649.895499
27.123592	-649.498876
26.715656	-649.090620
26.301078	-648.675818
25.884993	-648.259372
25.472573	-647.846698
25.068921	-647.442712
24.678996	-647.052533
24.307518	-646.680814
23.958896	-646.331934
23.637155	-646.010012
23.345836	-645.718466
23.087908	-645.460421
22.865704	-645.238163
22.680881	-645.053248
22.534361	-644.906754
22.426325	-644.798754
22.356227	-644.728748
22.322831	-644.695452
22.324235	-644.696992
22.357948	-644.730914
22.420983	-644.794175
22.509936	-644.883330
22.621116	-644.994775
22.750668	-645.124542
22.894635	-645.268769
23.049070	-645.423458
23.210144	-645.584741
23.374253	-645.749015
23.538057	-645.913005
23.698506	-646.073616
23.852904	-646.228145
23.998939	-646.374289
24.134722	-646.510114
24.258795	-646.634226
24.370105	-646.745544
24.467963	-646.843433
24.552007	-646.927454
24.622141	-646.997595
24.678469	-647.053850
24.721247	-647.096593
24.750827	-647.126157
24.767616	-647.142882
24.772069	-647.147355
24.764626	-647.139875
24.745679	-647.120863
24.715606	-647.090764
24.674796	-647.049902
24.623676	-646.998788
24.562727	-646.937788
24.492509	-646.867588
24.413695	-646.788706
24.327099	-646.702064
24.233718	-646.608615
24.134772	-646.509548
24.031683	-646.406346
23.926051	-646.300646
23.819663	-646.194112
23.714429	-646.088778
23.612341	-645.986546
23.515441	-645.889492
23.425787	-645.799737
23.345407	-645.719243
23.276219	-645.649941
23.219980	-645.593596
23.178252	-645.551770
23.152343	-645.525808
23.143231	-645.516632
23.151540	-645.524922
23.177521	-645.550883
23.221019	-645.594424
23.281467	-645.654905
23.357907	-645.731421
23.449014	-645.822631
23.553144	-645.926836
23.668383	-646.042243
23.792635	-646.166618
23.923704	-646.297792
24.059338	-646.433536
24.197279	-646.571607
24.335331	-646.709794
24.471418	-646.845969
24.603614	-646.978279
24.730157	-647.104891
24.849500	-647.224296
24.960318	-647.335175
25.061538	-647.436447
25.152381	-647.527281
25.232346	-647.607265
25.301224	-647.676090
25.359116	-647.733945
25.406400	-647.781163
25.443691	-647.818425
25.471824	-647.846493
25.491834	-647.866410
25.504911	-647.879331
25.512318	-647.886721
25.515304	-647.889563
25.515093	-647.889267
25.512849	-647.886991
25.509644	-647.883769
25.506395	-647.880386
25.503847	-647.877801
25.502525	-647.876471
25.502707	-647.876680
25.504443	-647.878397
25.507547	-647.881542
25.511581	-647.885638
25.515894	-647.889982
25.519706	-647.893870
25.522110	-647.896344
25.522054	-647.896364
25.518344	-647.892753
25.509743	-647.884199
25.495107	-647.869682
25.473394	-647.848000
25.443648	-647.818311
25.405053	-647.779789
25.357000	-647.731769
25.299124	-647.673899
25.231292	-647.606046
25.153629	-647.528404
25.066520	-647.441248
24.970644	-647.345278
24.866963	-647.241543
24.756656	-647.131181
24.641106	-647.015519
24.521875	-646.896201
24.400708	-646.774921
24.279470	-646.653557
24.160086	-646.534072
24.044517	-646.418388
23.934703	-646.308469
23.832503	-646.206152
23.739638	-646.113197
23.657657	-646.031162
23.587894	-645.961327
23.531443	-645.904823
23.489114	-645.862461
23.461391	-645.834753
23.448443	-645.821739
23.450108	-645.823455
23.465900	-645.839317
23.495043	-645.868529
23.536478	-645.910056
23.588925	-645.962614
23.650879	-646.024660
23.720635	-646.094554
23.796413	-646.170410
23.876428	-646.250569
23.958911	-646.333172
24.042139	-646.416452
24.124527	-646.498959
24.204643	-646.579146
24.281237	-646.655821
24.353292	-646.727901
24.420035	-646.794710
24.480955	-646.855629
24.535808	-646.910479
24.584596	-646.959267
24.627560	-647.002229
24.665134	-647.039731
24.697865	-647.072438
24.726390	-647.100908
24.751414	-647.125850
24.773672	-647.148062
24.793901	-647.168294
24.812778	-647.187118
24.830896	-647.205268
24.848755	-647.223041
24.866747	-647.241026
24.885155	-647.259450
24.904148	-647.278448
24.923761	-647.298055
24.943902	-647.318214
24.964392	-647.338714
24.984979	-647.359317
25.005335	-647.379694
25.025076	-647.399460
25.043811	-647.418227
25.061162	-647.435606
25.076796	-647.451264
25.090365	-647.464866
25.101522	-647.476063
25.109954	-647.484464
25.115375	-647.489938
25.117526	-647.492064
25.116165	-647.490733
25.111062	-647.485599
25.102000	-647.476578
25.088771	-647.463369
25.071181	-647.445746
25.049055	-647.423660
25.022248	-647.396859
24.990672	-647.365268
24.954290	-647.328894
24.913158	-647.287748
24.867432	-647.241981
24.817400	-647.191946
24.763523	-647.137979
24.706394	-647.080832
24.646750	-647.021138
24.585490	-646.959820
24.523671	-646.897939
24.462450	-646.836609
24.403039	-646.777095
24.346674	-646.720650
24.294582	-646.668478
24.247944	-646.621751
24.207833	-646.581604
24.175187	-646.548910
24.150774	-646.524435
24.135152	-646.508833
24.128627	-646.502293
24.131247	-646.504940
24.142795	-646.516493
24.162820	-646.536580
24.190662	-646.564453
24.225473	-646.599340
24.266244	-646.640173
24.311820	-646.685846
24.360908	-646.735044
24.412126	-646.786374
24.464072	-646.838349
24.515346	-646.889768
24.564570	-646.939017
24.610412	-646.984935
24.651590	-647.026243
24.686896	-647.061563
24.715255	-647.089995
24.735750	-647.110524
24.747601	-647.122470
24.750219	-647.125101
24.743256	-647.118124
24.726595	-647.101429
24.700316	-647.075129
24.664682	-647.039539
24.620167	-646.994929
24.567438	-646.942152
24.507333	-646.881962
24.440863	-646.815396
24.369232	-646.743710
24.293805	-646.668185
24.216098	-646.590373
24.137755	-646.511891
24.060507	-646.434509
23.986138	-646.360098
23.916468	-646.290229
23.853355	-646.227018
23.798642	-646.172173
23.754113	-646.127519
23.721481	-646.094783
23.702344	-646.075539
23.698146	-646.071234
23.710122	-646.083185
23.739276	-646.112280
23.786350	-646.159290
23.851830	-646.224726
23.935842	-646.308740
24.038111	-646.411024
24.158002	-646.530981
24.294517	-646.667533
24.446317	-646.819482
24.611730	-646.985018
24.788771	-647.162156
24.975187	-647.348750
25.168512	-647.542184
25.366082	-647.739924
25.565057	-647.939087
25.762504	-648.136699
25.955444	-648.329845
26.140900	-648.515439
26.315940	-648.690650
26.477692	-648.852532
26.623397	-648.998419
26.750474	-649.125654
26.856519	-649.231814
26.939332	-649.314729
26.996980	-649.372475
27.027814	-649.403405
27.030461	-649.406098
27.003865	-649.379533
26.947352	-649.323060
26.860607	-649.236327
26.743677	-649.119349
26.596998	-648.972631
26.421402	-648.796937
26.218115	-648.593548
25.988755	-648.364078
25.735328	-648.110525
25.460181	-647.835219
25.165971	-647.540809
24.855661	-647.230324
24.532487	-646.906985
24.199888	-646.574154
23.861452	-646.235447
23.520886	-645.894662
23.181953	-645.555501
22.848402	-645.221739
22.523946	-644.897131
22.212216	-644.585172
21.916701	-644.289440
21.640700	-644.013283
21.387249	-643.759651
21.159046	-643.531316
20.958404	-643.330566
20.787291	-643.159376
20.647302	-643.019312
20.539620	-642.911586
20.465015	-642.836974
20.423835	-642.795843
20.416021	-642.788018
20.441123	-642.813160
20.498321	-642.870449
20.586449	-642.958672
20.704030	-643.076361
20.849308	-643.221781
21.020245	-643.392868
21.214555	-643.587275
21.429740	-643.802649
21.663097	-644.036142
21.911773	-644.285026
22.172853	-644.546300
22.443386	-644.816968
22.720403	-645.094175
23.000963	-645.374904
23.282218	-645.656356
23.561460	-645.935705
23.836113	-646.210516
24.103772	-646.478272
24.362245	-646.736922
24.609579	-646.984265
24.844066	-647.218881
25.064257	-647.439139
25.268955	-647.643891
25.457197	-647.832198
25.628247	-648.003224
25.781650	-648.156601
25.917257	-648.292218
26.035145	-648.410084
26.135600	-648.510527
26.219105	-648.593947
26.286313	-648.661144
26.338049	-648.712790
26.375285	-648.749935
26.399099	-648.773736
26.410653	-648.785199
26.411162	-648.785619
26.401868	-648.776260
26.384012	-648.758336
26.358772	-648.733002
26.327219	-648.701439
26.290306	-648.664513
26.248857	-648.622999
26.203525	-648.577678
26.154751	-648.528872
26.102803	-648.476928
26.047836	-648.421985
25.989863	-648.364020
25.928723	-648.302943
25.864152	-648.238402
25.795882	-648.170143
25.723710	-648.097995
25.647499	-648.021805
25.567201	-647.941525
25.482906	-647.857194
25.394867	-647.769190
25.303521	-647.677785
25.209540	-647.583740
25.113786	-647.487926
25.017292	-647.391406
24.921249	-647.295260
24.826961	-647.200885
24.735850	-647.109638
24.649376	-647.023107
24.568965	-646.942622
24.495953	-646.869557
24.431555	-646.805085
24.376843	-646.750279
24.332701	-646.706084
24.299771	-646.673152
24.278440	-646.651821
24.268831	-646.642248
24.270810	-646.644191
24.283971	-646.657425
24.307646	-646.681146
24.340922	-646.714477
24.382658	-646.756264
24.431507	-646.805196
24.485933	-646.859767
24.544253	-646.918195
24.604684	-646.978725
24.665443	-647.039618
24.724794	-647.099041
24.781115	-647.155513
24.832943	-647.207380
24.878997	-647.253491
24.918204	-647.292696
24.949726	-647.324293
24.973004	-647.347571
24.987790	-647.362359
24.994121	-647.368645
24.992304	-647.366800
24.982921	-647.357347
24.966777	-647.341147
24.944841	-647.319138
24.918222	-647.292414
24.888125	-647.262250
24.855785	-647.229829
24.822393	-647.196371
24.789022	-647.162953
24.756573	-647.130460
24.725765	-647.099599
24.697097	-647.070945
24.670803	-647.044611
24.646874	-647.020735
24.625066	-646.998975
24.604899	-646.978819
24.585683	-646.959702
24.566573	-646.940644
24.546630	-646.920809
24.524865	-646.899098
24.500272	-646.874599
24.471897	-646.846307
24.438848	-646.813314
24.400360	-646.774872
24.355887	-646.730376
24.305102	-646.679688
24.247852	-646.622401
24.184200	-646.558753
24.114507	-646.489047
24.039444	-646.413900
23.959986	-646.334388
23.877407	-646.251735
23.793250	-646.167479
23.709258	-646.083352
23.627302	-646.001276
23.549328	-645.923163
23.477282	-645.851057
23.413024	-645.786702
23.358274	-645.731856
23.314542	-645.688003
23.283040	-645.656499
23.264652	-645.638062
23.259922	-645.633356
23.269019	-645.642432
23.291761	-645.665248
23.327612	-645.701138
23.375694	-645.749274
23.434829	-645.808517
23.503604	-645.877391
23.580438	-645.954333
23.663646	-646.037656
23.751519	-646.125642
23.842359	-646.216577
23.934528	-646.308829
24.026504	-646.400909
24.116890	-646.491358
24.204422	-646.578932
24.288017	-646.662587
24.366772	-646.741398
24.439964	-646.814596
24.507049	-646.881699
24.567606	-646.942213
24.621310	-646.995995
24.667945	-647.042597
24.707426	-647.082048
24.739787	-647.114411
24.765059	-647.139701
24.783324	-647.157922
24.794801	-647.169351
24.799775	-647.174351
24.798608	-647.173139
24.791731	-647.166230
24.779661	-647.154103
24.763052	-647.137470
24.742688	-647.117005
24.719457	-647.093771
24.694340	-647.068542
24.668401	-647.042548
24.642760	-647.016818
24.618579	-646.992559
24.597011	-646.970955
24.579180	-646.953027
24.566159	-646.939958
24.558914	-646.932634
24.558279	-646.931951
24.564965	-646.938617
24.579541	-646.953136
24.602374	-646.976004
24.633620	-647.007263
24.673246	-647.046865
24.720999	-647.094665
24.776403	-647.150093
24.838769	-647.212543
24.907192	-647.281022
24.980589	-647.354504
25.057752	-647.431751
25.137378	-647.511462
25.218101	-647.592296
25.298533	-647.672790
25.377313	-647.751652
25.453161	-647.827572
25.524915	-647.899389
25.591593	-647.966122
25.652414	-648.026979
25.706828	-648.081397
25.754506	-648.129062
25.795292	-648.169888
25.829195	-648.203761
25.856370	-648.230913
25.877049	-648.251575
25.891530	-648.266015
25.900151	-648.274617
25.903212	-648.277662
25.900925	-648.275353
25.893389	-648.267805
25.880595	-648.255015
25.862453	-648.236865
25.838793	-648.213230
25.809379	-648.183850
25.773945	-648.148430
25.732212	-648.106699
25.683934	-648.058437
25.628951	-648.003426
25.567237	-647.941769
25.498926	-647.873351
25.424272	-647.798703
25.343664	-647.718026
25.257635	-647.631906
25.166855	-647.541106
25.072116	-647.446325
24.974333	-647.348442
24.874520	-647.248582
24.773760	-647.147770
24.673170	-647.047091
24.573871	-646.947687
24.476976	-646.850760
24.383594	-646.757293
24.294759	-646.668393
24.211373	-646.584963
24.134223	-646.507746
24.063968	-646.437447
24.001099	-646.374572
23.945956	-646.319420
23.898708	-646.272161
23.859340	-646.232782
23.827665	-646.201149
23.803353	-646.176816
23.785927	-646.159413
23.774767	-646.148353
23.769131	-646.142766
23.768194	-646.141866
23.771101	-646.144820
23.776987	-646.150734
23.784972	-646.158778
23.794187	-646.168094
23.803812	-646.177768
23.813102	-646.187030
23.821392	-646.195401
23.828125	-646.202123
23.832842	-646.206856
23.835175	-646.209233
23.834867	-646.208926
23.831783	-646.205872
23.825921	-646.199945
23.817408	-646.191449
23.806520	-646.180517
23.793666	-646.167653
23.779341	-646.153264
23.764094	-646.138018
23.748530	-646.122354
23.733301	-646.107095
23.719025	-646.092813
23.706254	-646.079996
23.695467	-646.069172
23.687032	-646.060695
23.681184	-646.054845
23.678060	-646.051693
23.677662	-646.051342
23.679851	-646.053549
23.684383	-646.058080
23.690922	-646.064643
23.699044	-646.072809
23.708287	-646.082116
23.718203	-646.091998
23.728369	-646.102228
23.738395	-646.112298
23.747959	-646.121891
23.756838	-646.130713
23.764940	-646.138796
23.772295	-646.146110
23.779022	-646.152857
23.785304	-646.159133
23.791381	-646.165170
23.797541	-646.171315
23.804093	-646.177864
23.811352	-646.185126
23.819631	-646.193364
23.829203	-646.202919
23.840283	-646.213988
23.853035	-646.226771
23.867589	-646.241304
23.884048	-646.257738
23.902487	-646.276172
23.922923	-646.296607
23.945330	-646.319074
23.969659	-646.343356
23.995806	-646.369522
24.023625	-646.397404
24.052943	-646.426695
24.083559	-646.457328
24.115252	-646.489088
24.147789	-646.521585
24.180905	-646.554733
24.214321	-646.588205
24.247748	-646.621638
24.280886	-646.654825
24.313438	-646.687395
24.345107	-646.719063
24.375628	-646.749562
24.404796	-646.778738
24.432450	-646.806443
24.458476	-646.832425
24.482814	-646.856779
24.505475	-646.879420
24.526535	-646.900507
24.546118	-646.920018
24.564386	-646.938305
24.581533	-646.955409
24.597806	-646.971694
24.613468	-646.987332
24.628802	-647.002629
24.644117	-647.017916
24.659714	-647.033444
24.675865	-647.049630
24.692813	-647.066568
24.710754	-647.084487
24.729812	-647.103538
24.750013	-647.123729
24.771301	-647.145066
24.793535	-647.167302
24.816472	-647.190236
24.839783	-647.213547
24.863069	-647.236911
24.885909	-647.259801
24.907874	-647.281790
24.928550	-647.302477
24.947585	-647.321544
24.964726	-647.338707
24.979865	-647.353869
24.993065	-647.367042
25.004610	-647.378525
25.015042	-647.388978
25.025197	-647.399082
25.036194	-647.409958
25.049339	-647.423027
25.066010	-647.439605
25.087545	-647.461056
25.115148	-647.488620
25.149764	-647.523192
25.191937	-647.565363
25.241719	-647.615226
25.298606	-647.672160
25.361536	-647.735227
25.428864	-647.802692
25.498419	-647.872425
25.567604	-647.941770
25.633504	-648.007890
25.693029	-648.067612
25.743084	-648.117869
25.780759	-648.155703
25.803506	-648.178562
25.809243	-648.184398
25.796449	-648.171638
25.764169	-648.139404
25.712023	-648.087276
25.640242	-648.015442
25.549599	-647.924669
25.441339	-647.816332
25.317194	-647.692013
25.179312	-647.553956
25.030171	-647.404655
24.872488	-647.246800
24.709132	-647.083275
24.543033	-646.916999
24.377067	-646.750836
24.213983	-646.587590
24.056322	-646.429751
23.906369	-646.279686
23.766103	-646.139323
23.637173	-646.010333
23.520846	-645.893963
23.417931	-645.791021
23.328789	-645.701923
23.253361	-645.626512
23.191225	-645.564429
23.141623	-645.514915
23.103551	-645.476879
23.075840	-645.449284
23.057222	-645.430734
23.046401	-645.420023
23.042103	-645.415788
23.043145	-645.416912
23.048463	-645.422259
23.057127	-645.430957
23.068356	-645.442252
23.081536	-645.455494
23.096215	-645.470156
23.112086	-645.486073
23.128972	-645.502948
23.146786	-645.520809
23.165522	-645.539508
23.185259	-645.559176
23.206160	-645.580082
23.228476	-645.602425
23.252531	-645.626431
23.278725	-645.652544
23.307553	-645.681336
23.339565	-645.713306
23.375386	-645.749101
23.415726	-645.789399
23.461327	-645.834968
23.512944	-645.886513
23.571335	-645.944839
23.637207	-646.010700
23.711180	-646.084609
23.793771	-646.167172
23.885342	-646.258737
23.986032	-646.359440
24.095748	-646.469132
24.214165	-646.587615
24.340731	-646.714188
24.474669	-646.848177
24.614957	-646.988563
24.760359	-647.134082
24.909435	-647.283180
25.060581	-647.434460
25.212069	-647.586013
25.362075	-647.736175
25.508730	-647.882928
25.650165	-648.024452
25.784528	-648.158926
25.910038	-648.284578
26.025010	-648.399630
26.127905	-648.502571
26.217382	-648.592152
26.292260	-648.667065
26.351578	-648.726445
26.394647	-648.769513
26.421017	-648.795886
26.430477	-648.805320
26.423079	-648.797968
26.399124	-648.773947
26.359118	-648.733905
26.303789	-648.678497
26.234075	-648.608727
26.151086	-648.525626
26.056091	-648.430533
25.950514	-648.324909
25.835918	-648.210203
25.713905	-648.088070
25.586044	-647.960139
25.453909	-647.827893
25.319035	-647.693004
25.182908	-647.556749
25.046958	-647.420717
24.912546	-647.286244
24.780976	-647.154604
24.653479	-647.027072
24.531191	-646.904755
24.415154	-646.788622
24.306305	-646.679709
24.205460	-646.578853
24.113295	-646.486711
24.030312	-646.403748
23.956870	-646.330250
23.893213	-646.266635
23.839452	-646.212845
23.795531	-646.168983
23.761233	-646.134748
23.736248	-646.109742
23.720167	-646.093725
23.712476	-646.086087
23.712561	-646.086206
23.719715	-646.093378
23.733139	-646.106919
23.751983	-646.125844
23.775314	-646.149227
23.802123	-646.176082
23.831333	-646.205403
23.861815	-646.235931
23.892411	-646.266632
23.921968	-646.296253
23.949375	-646.323725
23.973530	-646.347954
23.993371	-646.367857
24.007950	-646.382490
24.016434	-646.391002
24.018152	-646.392815
24.012630	-646.387292
23.999606	-646.374234
23.979079	-646.353687
23.951340	-646.325904
23.916922	-646.291450
23.876605	-646.251060
23.831446	-646.205790
23.782707	-646.157022
23.731815	-646.106005
23.680315	-646.054431
23.629816	-646.003789
23.581918	-645.955779
23.538172	-645.911990
23.500034	-645.873728
23.468819	-645.842458
23.445658	-645.819226
23.431421	-645.804947
23.426713	-645.800249
23.431880	-645.805426
23.446978	-645.820532
23.471781	-645.845360
23.505847	-645.879462
23.548571	-645.922255
23.599209	-645.972941
23.656933	-646.030737
23.720874	-646.094712
23.790172	-646.164086
23.864008	-646.237952
23.941664	-646.315646
24.022538	-646.396546
24.106123	-646.480187
24.192062	-646.566119
24.280151	-646.654168
24.370271	-646.744332
24.462347	-646.836411
24.556311	-646.930336
24.652136	-647.026141
24.749800	-647.123821
24.849219	-647.223238
24.950223	-647.324241
25.052531	-647.426569
25.155740	-647.529765
25.259327	-647.633407
25.362639	-647.736772
25.464904	-647.839036
25.565260	-647.939449
25.662729	-648.037000
25.756235	-648.130554
25.844610	-648.219029
25.926622	-648.301071
26.001038	-648.375580
26.066653	-648.441242
26.122332	-648.496995
26.167035	-648.541709
26.199873	-648.574626
26.220110	-648.594903
26.227198	-648.602024
26.220799	-648.595593
26.200738	-648.575515
26.166990	-648.541764
26.119693	-648.494474
26.059146	-648.433886
25.985767	-648.360447
25.900079	-648.274708
25.802695	-648.177314
25.694300	-648.068899
25.575652	-647.950159
25.447583	-647.822078
25.310987	-647.685416
25.166807	-647.541204
25.016053	-647.390332
24.859795	-647.234049
24.699196	-647.073357
24.535509	-646.909629
24.370047	-646.744069
24.204212	-646.578136
24.039496	-646.413378
23.877457	-646.251197
23.719719	-646.093373
23.567956	-645.941568
23.423820	-645.797286
23.288913	-645.662321
23.164743	-645.538038
23.052710	-645.425928
22.954092	-645.327279
22.869999	-645.243075
22.801330	-645.174393
22.748751	-645.121779
22.712708	-645.085743
22.693411	-645.066444
22.690845	-645.063916
22.704759	-645.077864
22.734700	-645.107835
22.780075	-645.153252
22.840152	-645.213402
22.914049	-645.287335
23.000776	-645.374134
23.099260	-645.472704
23.208363	-645.581870
23.326867	-645.700417
23.453449	-645.827119
23.586743	-645.960492
23.725317	-646.099188
23.867596	-646.241555
24.011874	-646.385972
24.156321	-646.530512
24.299014	-646.673361
24.437926	-646.812418
24.570891	-646.945458
24.695636	-647.070398
24.809828	-647.184702
24.911117	-647.286217
24.997191	-647.372381
25.065862	-647.441219
25.115155	-647.490605
25.143405	-647.518945
25.149327	-647.524908
25.132096	-647.507786
25.091418	-647.467045
25.027564	-647.403169
24.941402	-647.316898
24.834423	-647.209754
24.708740	-647.083914
24.567048	-646.942067
24.412564	-646.787335
24.248990	-646.623480
24.080419	-646.454721
23.911205	-646.285214
23.745856	-646.119546
23.588932	-645.962304
23.444932	-645.818051
23.318147	-645.690998
23.212510	-645.585177
23.131503	-645.503998
23.078066	-645.450407
23.054510	-645.426747
23.062478	-645.434636
23.102895	-645.475036
23.175947	-645.548101
23.281111	-645.653356
23.417200	-645.789530
23.582391	-645.954863
23.774291	-646.146950
23.989998	-646.362896
24.226188	-646.599309
24.479214	-646.852565
24.745187	-647.118813
25.020082	-647.393922
25.299791	-647.673919
25.580183	-647.954495
25.857193	-648.231770
26.126897	-648.501716
26.385555	-648.760594
26.629636	-649.004880
26.855898	-649.231322
27.061412	-649.437015
27.243549	-649.619267
27.400021	-649.775908
27.528962	-649.904867
27.628953	-650.004956
27.698991	-650.075033
27.738455	-650.114480
27.747110	-650.123136
27.725122	-650.101102
27.673060	-650.048978
27.591874	-649.967757
27.482799	-649.858546
27.347360	-649.723081
27.187401	-649.562937
27.005052	-649.380455
26.802713	-649.177946
26.583052	-648.958163
26.348972	-648.723874
26.103595	-648.478285
25.850216	-648.224731
25.592231	-647.966496
25.333095	-647.707186
25.076270	-647.450166
24.825146	-647.198853
24.582972	-646.956490
24.352775	-646.726102
24.137278	-646.510465
23.938832	-646.311882
23.759367	-646.132340
23.600385	-645.973262
23.462943	-645.835870
23.347648	-645.720474
23.254660	-645.627540
23.183719	-645.556622
23.134196	-645.507153
23.105181	-645.478184
23.095529	-645.468641
23.103935	-645.477110
23.129006	-645.502240
23.169269	-645.542601
23.223230	-645.596612
23.289416	-645.662877
23.366343	-645.739879
23.452543	-645.826159
23.546569	-645.920245
23.646983	-646.020732
23.752375	-646.126181
23.861337	-646.235212
23.972437	-646.346372
24.084187	-646.458186
24.195047	-646.569137
24.303427	-646.677624
24.407690	-646.781941
24.506183	-646.880525
24.597225	-646.971718
24.679147	-647.053715
24.750330	-647.124968
24.809221	-647.183938
24.854385	-647.229187
24.884544	-647.259376
24.898622	-647.273570
24.895819	-647.270746
24.875617	-647.250596
24.837773	-647.212729
24.782355	-647.157305
24.709794	-647.084673
24.620884	-646.995724
24.516784	-646.891568
24.399007	-646.773646
24.269379	-646.643905
24.130026	-646.504373
23.983360	-646.357586
23.832009	-646.206089
23.678734	-646.052625
23.526426	-645.900113
23.378044	-645.751590
23.236521	-645.609874
23.104692	-645.477874
22.985217	-645.358235
22.880553	-645.253475
22.792875	-645.165692
22.723983	-645.096681
22.675252	-645.047918
22.647596	-645.020227
22.641457	-645.014135
22.656802	-645.029498
22.693150	-645.065892
22.749624	-645.122503
22.824975	-645.197909
22.917634	-645.290692
23.025769	-645.398949
23.147322	-645.520651
23.280057	-645.653521
23.421600	-645.795234
23.569500	-645.943348
23.721262	-646.095197
23.874374	-646.248445
24.026409	-646.400664
24.175048	-646.549387
24.318066	-646.692548
24.453389	-646.828006
24.579135	-646.953859
24.693638	-647.068419
24.795478	-647.170308
24.883485	-647.258387
24.956739	-647.331700
25.014566	-647.389526
25.056574	-647.431531
25.082666	-647.457630
25.093009	-647.467965
25.088050	-647.462946
25.068504	-647.443292
25.035332	-647.410069
24.989750	-647.364436
24.933213	-647.307752
24.867380	-647.241838
24.794080	-647.168495
24.715267	-647.089510
24.632970	-647.007055
24.549265	-646.923281
24.466217	-646.840050
24.385819	-646.759557
24.309954	-646.683600
24.240356	-646.613895
24.178582	-646.552072
24.125947	-646.499363
24.083490	-646.456826
24.051988	-646.425316
24.031936	-646.405237
24.023537	-646.396853
24.026731	-646.400099
24.041213	-646.414602
24.066400	-646.439897
24.101471	-646.475026
24.145446	-646.519043
24.197218	-646.570922
24.255562	-646.629319
24.319211	-646.693056
24.386926	-646.760832
24.457552	-646.831527
24.530058	-646.904094
24.603522	-646.977574
24.677176	-647.051297
24.750437	-647.124586
24.822884	-647.197023
24.894265	-647.268399
24.964478	-647.338610
25.033494	-647.407617
25.101345	-647.475497
25.168098	-647.542201
25.233774	-647.607847
25.298285	-647.672355
25.361435	-647.735475
25.422938	-647.797051
25.482393	-647.856525
25.539304	-647.913440
25.593160	-647.967303
25.643437	-648.017644
25.689611	-648.063826
25.731208	-648.105407
25.767827	-648.142052
25.799134	-648.173365
25.824877	-648.199094
25.844918	-648.219179
25.859230	-648.233442
25.867867	-648.242070
25.870939	-648.245130
25.868562	-648.242699
25.860816	-648.234996
25.847698	-648.221797
25.829109	-648.203271
25.804850	-648.179017
25.774615	-648.148813
25.737966	-648.112147
25.694386	-648.068583
25.643317	-648.017574
25.584165	-647.958445
25.516341	-647.890670
25.439299	-647.813650
25.352588	-647.726935
25.255934	-647.630271
25.149279	-647.523638
25.032806	-647.407163
24.906977	-647.281306
24.772537	-647.146776
24.630493	-647.004652
24.482090	-646.856153
24.328804	-646.702733
24.172336	-646.546195
24.014547	-646.388255
23.857381	-646.230950
23.702832	-646.076268
23.552907	-645.926222
23.409557	-645.782746
23.274642	-645.647732
23.149853	-645.522843
23.036676	-645.409574
22.936382	-645.309244
22.849995	-645.222794
22.778254	-645.151028
22.721629	-645.094396
22.680385	-645.053095
22.654576	-645.027363
22.644014	-645.016825
22.648292	-645.021114
22.666854	-645.039690
22.698987	-645.071952
22.743780	-645.116752
22.800195	-645.173277
22.867094	-645.240164
22.943230	-645.316436
23.027274	-645.400550
23.117850	-645.491213
23.213541	-645.587008
23.312893	-645.686429
23.414424	-645.788078
23.516652	-645.890394
23.618101	-645.991894
23.717310	-646.091204
23.812850	-646.186811
23.903367	-646.277424
23.987590	-646.361736
24.064313	-646.438531
24.132409	-646.506659
24.190894	-646.565210
24.238944	-646.613315
24.275887	-646.650313
24.301223	-646.675702
24.314654	-646.689118
24.316096	-646.690552
24.305676	-646.680061
24.283743	-646.658122
24.250865	-646.625276
24.207800	-646.582114
24.155495	-646.529706
24.095049	-646.469246
24.027734	-646.401842
23.954959	-646.328991
23.878220	-646.252150
23.799106	-646.172915
23.719254	-646.092963
23.640318	-646.013980
23.563933	-645.937458
23.491673	-645.865173
23.425050	-645.798409
23.365499	-645.738796
23.314329	-645.687551
23.272702	-645.645900
23.241599	-645.614726
23.221805	-645.594913
23.213881	-645.587017
23.218139	-645.591222
23.234623	-645.607776
23.263072	-645.636224
23.302931	-645.676163
23.353385	-645.726728
23.413389	-645.786802
23.481677	-645.855162
23.556810	-645.930399
23.637216	-646.010891
23.721248	-646.094997
23.807252	-646.181128
23.893595	-646.267617
23.978743	-646.352834
24.061349	-646.435484
24.140255	-646.514440
24.214533	-646.588761
24.283485	-646.657723
24.346633	-646.720917
24.403741	-646.778020
24.454776	-646.829032
24.499892	-646.874132
24.539381	-646.913579
24.573653	-646.947806
24.603186	-646.977313
24.628522	-647.002647
24.650225	-647.024282
24.668843	-647.042902
24.684920	-647.058923
24.698967	-647.072956
24.711465	-647.085424
24.722848	-647.096772
24.733486	-647.107400
24.743706	-647.117619
24.753782	-647.127698
24.763944	-647.137834
24.774400	-647.148295
24.785322	-647.159190
24.796880	-647.170769
24.809265	-647.183121
24.822692	-647.196548
24.837403	-647.211241
24.853626	-647.227505
24.871543	-647.245376
24.891290	-647.265088
24.912968	-647.286753
24.936627	-647.310488
24.962235	-647.336063
24.989663	-647.363477
25.018691	-647.392568
25.049012	-647.422910
25.080261	-647.454196
25.112061	-647.486033
25.144011	-647.517991
25.175693	-647.549720
25.206752	-647.580794
25.236837	-647.610921
25.265604	-647.639700
25.292802	-647.666906
25.318293	-647.692366
25.342055	-647.716152
25.364164	-647.738230
25.384754	-647.758820
25.404035	-647.778077
25.422280	-647.796295
25.439806	-647.813797
25.456938	-647.830922
25.473988	-647.847958
25.491257	-647.865248
25.508988	-647.882908
25.527366	-647.901332
25.546508	-647.920462
25.566439	-647.940387
25.587084	-647.961042
25.608249	-647.982225
25.629602	-648.003652
25.650681	-648.024734
25.670961	-648.045005
25.689815	-648.063940
25.706503	-648.080677
25.720240	-648.094496
25.730188	-648.104502
25.735473	-648.109814
25.735239	-648.109628
25.728632	-648.103083
25.714834	-648.089340
25.693113	-648.067671
25.662840	-648.037420
25.623518	-647.998119
25.574838	-647.949465
25.516703	-647.891299
25.449218	-647.823794
25.372695	-647.747251
25.287619	-647.662128
25.194624	-647.569073
25.094491	-647.468869
24.988105	-647.362424
24.876404	-647.250660
24.760349	-647.134524
24.640924	-647.015045
24.519135	-646.893198
24.395993	-646.770026
24.272499	-646.646438
24.149618	-646.523457
24.028308	-646.402130
23.909516	-646.283279
23.794195	-646.167886
23.683339	-646.056958
23.577970	-645.951506
23.479093	-645.852567
23.387689	-645.761084
23.304733	-645.678110
23.231159	-645.604441
23.167850	-645.541061
23.115624	-645.488806
23.075180	-645.448328
23.047087	-645.420189
23.031755	-645.404799
23.029427	-645.402512
23.040163	-645.413220
23.063811	-645.436870
23.100021	-645.473144
23.148249	-645.521388
23.207764	-645.580988
23.277654	-645.650939
23.356862	-645.730229
23.444183	-645.817637
23.538279	-645.911814
23.637717	-646.011332
23.740970	-646.114663
23.846412	-646.220244
23.952373	-646.326288
24.057181	-646.431172
24.159160	-646.533282
24.256611	-646.630854
24.347819	-646.722152
24.431114	-646.805591
24.504923	-646.879467
24.567814	-646.942444
24.618511	-646.993266
24.655958	-647.030743
24.679345	-647.054144
24.688149	-647.062944
24.682155	-647.056941
24.661470	-647.036271
24.626561	-647.001284
24.578256	-646.952948
24.517705	-646.892308
24.446387	-646.820898
24.366092	-646.740478
24.278870	-646.653056
24.186953	-646.561014
24.092686	-646.466641
23.998487	-646.372281
23.906727	-646.280363
23.819627	-646.193160
23.739234	-646.112632
23.667363	-646.040668
23.605503	-645.978702
23.554793	-645.927950
23.515991	-645.889159
23.489460	-645.862599
23.475192	-645.848396
23.472812	-645.846027
23.481646	-645.854951
23.500772	-645.874119
23.529032	-645.902426
23.565104	-645.938623
23.607611	-645.981216
23.655169	-646.028826
23.706446	-646.080173
23.760220	-646.133997
23.815397	-646.189264
23.871020	-646.244912
23.926264	-646.300184
23.980409	-646.354370
24.032819	-646.406816
24.082955	-646.456972
24.130338	-646.504334
24.174521	-646.548596
24.215054	-646.589112
24.251480	-646.625577
24.283363	-646.657469
24.310301	-646.684467
24.331900	-646.706075
24.347758	-646.721960
24.357494	-646.731718
24.360782	-646.735013
24.357373	-646.731614
24.347137	-646.721396
24.330084	-646.704312
24.306380	-646.680595
24.276336	-646.650550
24.240428	-646.614587
24.199328	-646.573440
24.153862	-646.527910
24.105042	-646.478969
24.054058	-646.427926
24.002221	-646.376014
23.950922	-646.324581
23.901592	-646.275185
23.855743	-646.229264
23.814933	-646.188365
23.780665	-646.153945
23.754370	-646.127600
23.737363	-646.110533
23.730797	-646.103877
23.735618	-646.108687
23.752550	-646.125542
23.782093	-646.155075
23.824503	-646.197494
23.879756	-646.252790
23.947538	-646.320592
24.027230	-646.400333
24.117936	-646.491157
24.218520	-646.591813
24.327645	-646.701025
24.443842	-646.817272
24.565521	-646.939101
24.691030	-647.064709
24.818702	-647.192489
24.946919	-647.320782
25.074160	-647.448099
25.199024	-647.573051
25.320284	-647.694376
25.436914	-647.811029
25.548088	-647.922269
25.653138	-648.027377
25.751576	-648.125767
25.843115	-648.217295
25.927616	-648.301828
26.005049	-648.379224
26.075422	-648.449624
26.138753	-648.512926
26.195057	-648.569231
26.244289	-648.618470
26.286259	-648.660440
26.320610	-648.694831
26.346817	-648.721032
26.364179	-648.738516
26.371868	-648.746233
26.368917	-648.743336
26.354224	-648.728752
26.326636	-648.701211
26.284998	-648.659662
26.228194	-648.602948
26.155182	-648.529978
26.065065	-648.439895
25.957196	-648.332104
25.831207	-648.206117
25.687045	-648.061938
25.524986	-647.899868
25.345660	-647.720491
25.150107	-647.524857
24.939797	-647.314452
24.716590	-647.091083
24.482677	-646.857029
24.240560	-646.614745
23.993013	-646.367015
23.743059	-646.116915
23.493933	-645.867549
23.249002	-645.622413
23.011647	-645.384880
22.785205	-645.158242
22.572931	-644.945749
22.377922	-644.750590
22.203050	-644.575558
22.050903	-644.423288
21.923747	-644.296017
21.823466	-644.195686
21.751502	-644.123690
21.708809	-644.080926
21.695838	-644.068008
21.712547	-644.084714
21.758408	-644.130678
21.832459	-644.204819
21.933330	-644.305806
22.059273	-644.431867
22.208210	-644.580987
22.377790	-644.750743
22.565403	-644.938523
22.768226	-645.141537
22.983251	-645.356717
23.207299	-645.581023
23.437084	-645.810977
23.669245	-646.043354
23.900407	-646.274755
24.127237	-646.501793
24.346466	-646.721115
24.554947	-646.929858
24.749749	-647.124807
24.928203	-647.303416
25.087983	-647.463291
25.227158	-647.602553
25.344232	-647.719735
25.438221	-647.813664
25.508658	-647.884097
25.555564	-647.930988
25.579418	-647.954812
25.581132	-647.956381
25.562027	-647.937201
25.523725	-647.898746
25.468102	-647.842957
25.397273	-647.772009
25.313519	-647.688119
25.219245	-647.593679
25.116930	-647.491195
25.009053	-647.383198
24.898045	-647.272048
24.786258	-647.160137
24.675919	-647.049634
24.569102	-646.942711
24.467671	-646.841175
24.373250	-646.746651
24.287166	-646.660523
24.210452	-646.583820
24.143888	-646.517187
24.087971	-646.461267
24.042920	-646.416243
24.008694	-646.382043
23.984998	-646.358397
23.971324	-646.344740
23.967014	-646.340467
23.971269	-646.344807
23.983188	-646.356790
24.001852	-646.375535
24.026405	-646.400094
24.056051	-646.429809
24.090071	-646.463851
24.127834	-646.501664
24.168808	-646.542679
24.212549	-646.586419
24.258663	-646.632561
24.306791	-646.680745
24.356612	-646.730531
24.407825	-646.781771
24.460123	-646.834108
24.513163	-646.887152
24.566543	-646.940559
24.619821	-646.993878
24.672509	-647.046576
24.724085	-647.098228
24.774029	-647.148189
24.821828	-647.196065
24.867023	-647.241305
24.909253	-647.283483
24.948266	-647.322547
24.983933	-647.358190
25.016262	-647.390533
25.045399	-647.419604
25.071637	-647.445854
25.095421	-647.469575
25.117307	-647.491457
25.137905	-647.512009
25.157867	-647.531846
25.177823	-647.551784
25.198334	-647.572306
25.219857	-647.593805
25.242716	-647.616618
25.267054	-647.640955
25.292813	-647.666728
25.319779	-647.693706
25.347545	-647.721528
25.375521	-647.749546
25.402987	-647.777071
25.429129	-647.803236
25.453070	-647.827246
25.473926	-647.848178
25.490861	-647.865117
25.503110	-647.877386
25.509980	-647.884318
25.510895	-647.885267
25.505412	-647.879791
25.493205	-647.867634
25.474081	-647.848482
25.447920	-647.822338
25.414643	-647.789074
25.374247	-647.748654
25.326806	-647.701250
25.272445	-647.646871
25.211303	-647.585725
25.143607	-647.518013
25.069641	-647.444042
24.989725	-647.364103
24.904265	-647.278603
24.813732	-647.188060
24.718677	-647.092939
24.619748	-646.993975
24.517659	-646.891856
24.413177	-646.787305
24.307177	-646.681279
24.200651	-646.574663
24.094629	-646.468577
23.990158	-646.364064
23.888309	-646.262120
23.790192	-646.163923
23.696955	-646.070620
23.609738	-645.983314
23.529675	-645.903206
23.457871	-645.831314
23.395383	-645.768768
23.343230	-645.716514
23.302367	-645.675664
23.273657	-645.646860
23.257828	-645.630960
23.255434	-645.628546
23.266848	-645.639939
23.292230	-645.665348
23.331489	-645.704616
23.384259	-645.757430
23.449893	-645.823077
23.527487	-645.900776
23.615862	-645.989204
23.713596	-646.087080
23.819072	-646.192648
23.930459	-646.304166
24.045793	-646.419636
24.163075	-646.537009
24.280253	-646.654286
24.395302	-646.769497
24.506314	-646.880577
24.611517	-646.985906
24.709315	-647.083792
24.798313	-647.172894
24.877359	-647.251986
24.945584	-647.320228
25.002389	-647.377095
25.047452	-647.422135
25.080700	-647.455350
25.102268	-647.476901
25.112459	-647.487076
25.111691	-647.486290
25.100466	-647.475021
25.079377	-647.453876
25.049056	-647.423573
25.010168	-647.384660
24.963386	-647.337815
24.909361	-647.283767
24.848745	-647.223107
24.782177	-647.156534
24.710324	-647.084598
24.633868	-647.008157
24.553490	-646.927745
24.469904	-646.844094
24.383848	-646.758016
24.296094	-646.670212
24.207501	-646.581585
24.118965	-646.493026
24.031391	-646.405382
23.945751	-646.319689
23.863081	-646.236936
23.784439	-646.158286
23.710961	-646.084720
23.643860	-646.017555
23.584341	-645.957949
23.533596	-645.907109
23.492800	-645.866267
23.463087	-645.836491
23.445508	-645.818851
23.440987	-645.814277
23.450258	-645.823531
23.473847	-645.847039
23.512052	-645.885303
23.564912	-645.938137
23.632195	-646.005451
23.713385	-646.086662
23.807690	-646.181043
23.914039	-646.287449
24.031095	-646.404584
24.157249	-646.530845
24.290677	-646.664409
24.429382	-646.803204
24.571204	-646.945206
24.713873	-647.087997
24.855023	-647.229259
24.992241	-647.366643
25.123110	-647.497642
25.245264	-647.619931
25.356473	-647.731264
25.454713	-647.829625
25.538175	-647.913195
25.605295	-647.980381
25.654833	-648.029931
25.685873	-648.061018
25.697835	-648.072980
25.690529	-648.065646
25.664182	-648.039295
25.619411	-647.994439
25.557175	-647.932125
25.478723	-647.853583
25.385591	-647.760316
25.279605	-647.654205
25.162819	-647.537282
25.037471	-647.411752
24.905925	-647.280086
24.770600	-647.144579
24.633913	-647.007748
24.498271	-646.871964
24.366033	-646.739597
24.239423	-646.612895
24.120485	-646.493790
24.011037	-646.384283
23.912622	-646.285794
23.826478	-646.199590
23.753547	-646.126626
23.694475	-646.067534
23.649599	-646.022673
23.618955	-645.992043
23.602297	-645.975426
23.599131	-645.972295
23.608770	-645.981992
23.630368	-646.003656
23.662939	-646.036331
23.705373	-646.078822
23.756468	-646.129969
23.814969	-646.188568
23.879596	-646.253263
23.949058	-646.322858
24.022065	-646.395947
24.097350	-646.471248
24.173664	-646.547672
24.249785	-646.623866
24.324548	-646.698648
24.396864	-646.770996
24.465741	-646.839982
24.530276	-646.904536
24.589723	-646.964004
24.643494	-647.017837
24.691173	-647.065526
24.732558	-647.106878
24.767634	-647.141913
24.796548	-647.170861
24.819639	-647.193843
24.837435	-647.211624
24.850591	-647.224727
24.859853	-647.233910
24.866002	-647.240025
24.869758	-647.243687
24.871768	-647.245731
24.872613	-647.246493
24.872754	-647.246624
24.872474	-647.246375
24.871844	-647.245756
24.870721	-647.244612
24.868757	-647.242652
24.865404	-647.239360
24.859983	-647.234033
24.851696	-647.225828
24.839666	-647.213859
24.823015	-647.197273
24.800917	-647.175225
24.772685	-647.147025
24.737801	-647.112176
24.695966	-647.070343
24.647151	-647.021519
24.591625	-646.965965
24.529971	-646.904253
24.463088	-646.837321
24.392182	-646.766326
24.318729	-646.692747
24.244411	-646.618331
24.171044	-646.544829
24.100518	-646.474179
24.034694	-646.408233
23.975344	-646.348805
23.924093	-646.297469
23.882337	-646.255628
23.851227	-646.224469
23.831638	-646.204837
23.824135	-646.197284
23.828979	-646.202175
23.846158	-646.219335
23.875406	-646.248634
23.916228	-646.289506
23.967928	-646.341279
24.029595	-646.402945
24.100146	-646.473592
24.178356	-646.551885
24.262881	-646.636534
24.352289	-646.726000
24.445051	-646.818889
24.539568	-646.913457
24.634216	-647.008207
24.727373	-647.101475
24.817434	-647.191607
24.902844	-647.277129
24.982148	-647.356527
25.054001	-647.428441
25.117172	-647.491692
25.170584	-647.545154
25.213360	-647.587915
25.244855	-647.619422
25.264651	-647.639246
25.272570	-647.647168
25.268646	-647.643206
25.253126	-647.627718
25.226474	-647.600988
25.189385	-647.563807
25.142779	-647.517156
25.087743	-647.462022
25.025489	-647.399656
24.957314	-647.331421
24.884579	-647.258610
24.808764	-647.182684
24.731444	-647.105248
24.654178	-647.027927
24.578451	-646.952060
24.505666	-646.879182
24.437150	-646.810634
24.374149	-646.747547
24.317763	-646.691056
24.268934	-646.642219
24.228446	-646.601711
24.196899	-646.570086
24.174730	-646.547962
24.162182	-646.535369
24.159298	-646.532464
24.165941	-646.539160
24.181765	-646.555019
24.206200	-646.579493
24.238499	-646.611861
24.277774	-646.651188
24.322963	-646.696469
24.372852	-646.746415
24.426112	-646.799779
24.481340	-646.855082
24.537092	-646.910973
24.591909	-646.965876
24.644389	-647.018401
24.693229	-647.067327
24.737255	-647.111430
24.775459	-647.149712
24.807000	-647.181292
24.831235	-647.205510
24.847727	-647.222069
24.856276	-647.230601
24.856932	-647.231229
24.849969	-647.224265
24.835900	-647.210151
24.815430	-647.189626
24.789403	-647.163534
24.758774	-647.132852
24.724562	-647.098581
24.687808	-647.061759
24.649539	-647.023420
24.610697	-646.984528
24.572100	-646.945888
24.534457	-646.908223
24.498344	-646.872053
24.464189	-646.837910
24.432300	-646.806004
