0.001000
-0.034580	-0.088447	0.059822	2.163725	1.976556	-0.038122	0.195454	1.921201	1.695391	2.367068	0.048224	1.939050	-0.144561	0.200687	3.709634	
-0.184352	-0.049925	-0.035013	1.964708	2.081935	-0.383140	-0.134396	2.047507	2.018287	1.868932	-0.179941	1.948389	0.195094	0.188373	4.051329	
-0.038409	-0.125261	-0.000169	2.065467	1.773914	0.116359	-0.338496	1.996999	1.895286	1.938625	0.006836	1.962416	-0.128607	-0.000231	4.168315	
0.211676	0.002097	0.046790	1.992662	2.026755	0.163625	-0.003028	1.913459	2.016072	2.147797	-0.384550	2.136115	-0.193316	0.063657	4.139675	
-0.173415	-0.274470	0.113419	2.066789	2.188571	-0.217462	-0.045637	1.777616	2.245644	1.930747	0.244239	1.698768	0.163543	-0.205932	4.105851	
-0.049351	0.116707	-0.131378	2.066390	1.778964	-0.088766	0.177385	2.059303	1.833811	1.948220	0.017193	2.267641	-0.237360	0.099734	3.907266	
-0.120802	-0.213784	-0.077764	1.756762	2.053509	-0.056747	-0.208037	2.027756	1.815955	2.100205	-0.142681	1.863677	-0.071592	-0.137297	4.272490	
-0.396259	0.099825	-0.180884	1.801368	1.956817	-0.131910	-0.434141	1.817767	2.056125	1.718916	-0.155147	2.060726	-0.014877	-0.054219	3.929163	
0.459214	-0.222232	0.027040	2.122338	2.096654	-0.082775	0.008436	2.136112	2.077688	2.023586	0.116748	2.117066	0.149852	-0.125559	3.971551	
-0.378040	0.026784	0.199620	1.822308	1.936603	0.065409	-0.245064	1.792424	2.202085	2.076846	-0.210515	1.856030	-0.106854	-0.257658	3.849263	
0.072528	-0.241198	-0.236693	1.962479	1.854295	-0.173627	-0.049394	1.976050	1.515444	1.863217	-0.169710	1.837772	-0.087307	0.004464	3.851363	
-0.159073	0.043723	-0.213214	1.700619	1.929406	-0.266708	0.156285	1.930019	2.046878	1.955502	-0.015099	1.936062	-0.177471	0.006306	4.071740	
-0.147970	-0.110743	-0.020836	2.021696	2.086061	0.089890	-0.354731	2.008548	1.901340	1.931042	-0.004008	1.921171	-0.115518	0.198177	3.984026	
0.023775	-0.146187	-0.063122	2.020389	1.681268	0.142482	-0.173338	1.946408	1.861733	2.039789	-0.576938	2.001275	-0.252119	-0.145527	3.774961	
-0.222684	-0.111611	-0.345412	1.987707	1.868720	-0.357088	0.144455	1.596888	1.986239	2.372282	0.034130	1.769713	0.099435	-0.451772	3.974131	
0.027265	-0.048882	-0.163992	1.816907	2.107167	0.243012	-0.395863	2.091137	1.886870	1.587704	-0.182804	1.867426	-0.326906	-0.048795	4.012951	
-0.395638	-0.251863	-0.208633	1.796060	1.801824	-0.179089	0.007566	1.552549	1.784941	2.221242	-0.259652	2.076039	-0.245500	-0.202126	4.059298	
0.105583	-0.176436	-0.150191	1.896685	1.970618	-0.047111	-0.339833	2.031963	1.899732	1.680130	-0.130452	1.851309	0.022591	-0.280653	3.898526	
-0.298838	0.137397	-0.193637	1.761436	1.839625	-0.155274	0.066895	1.991762	2.097369	1.808839	-0.241236	1.764784	-0.199116	-0.174077	4.134107	
-0.041679	-0.410428	-0.286959	2.187366	1.498654	0.024674	-0.056475	1.766794	1.671939	2.117373	-0.287633	2.011563	-0.076623	0.086550	3.876691	
0.002442	0.040087	-0.126366	1.859624	2.101380	-0.186927	-0.200765	1.960212	2.190481	1.853715	0.020217	1.969628	-0.173220	-0.210798	4.247430	
-0.280042	-0.383937	-0.253919	2.107460	1.779513	-0.255798	-0.167376	1.702818	1.560313	2.025939	0.148044	1.964417	-0.191177	0.028964	3.859156	
0.100877	0.003236	-0.164378	1.888497	2.001949	-0.180663	-0.067241	2.062850	2.005138	1.849661	-0.346831	1.952191	-0.201783	0.018832	3.935404	
-0.246451	0.118938	-0.047155	1.877339	1.931690	0.051697	-0.159393	2.074074	1.903671	2.057285	0.017359	1.892888	-0.329543	-0.344020	4.068557	
0.049280	-0.290026	-0.256053	2.322027	2.062712	0.022934	-0.090288	1.737575	1.697763	1.940074	-0.260980	1.852607	-0.209048	-0.101094	4.032722	
-0.310601	-0.133129	-0.035466	1.757040	1.837122	-0.355614	-0.063408	1.867777	2.036653	1.983181	0.007086	1.962900	-0.050235	-0.116528	3.851449	
-0.373858	-0.345814	-0.142247	2.008737	1.589019	-0.110455	-0.306043	1.839601	1.853388	1.821473	-0.283718	1.917797	-0.223618	0.077669	3.817162	
0.076322	-0.318833	0.034393	1.874678	1.955605	-0.387103	0.121718	1.657182	1.842380	2.208640	-0.238739	1.960991	0.002798	-0.110982	3.930601	
-0.057881	0.191440	-0.165931	2.071923	1.804373	0.285772	-0.244755	2.251519	1.975025	1.727609	-0.296518	1.921472	-0.137218	-0.310780	3.917187	
-0.356594	-0.256380	-0.084931	1.808394	2.031075	-0.302717	-0.046471	1.602734	1.876239	1.950249	-0.285411	2.333521	-0.368285	-0.133366	4.276333	
-0.124706	0.060616	-0.402843	1.870799	2.099749	-0.064373	-0.266217	2.011197	1.952730	1.866695	0.099562	1.658773	-0.022229	0.071692	3.697393	
-0.123686	-0.074380	-0.191618	2.081819	2.004199	-0.588709	-0.292424	1.940486	1.957354	2.050427	-0.234562	1.969954	-0.056668	-0.223388	4.028927	
-0.275019	-0.409298	-0.252072	1.892831	2.023617	-0.047650	-0.230537	1.866351	1.761740	1.962191	-0.134785	1.620100	-0.203519	-0.220397	4.016486	
-0.095859	-0.295370	-0.147356	2.025575	1.636209	-0.054268	-0.068337	1.761561	2.083694	1.747774	-0.202223	1.958835	-0.219619	-0.192131	4.194195	
-0.036399	-0.265113	-0.145089	1.845940	1.931131	-0.206644	-0.129641	2.125321	1.995411	2.060948	-0.218142	2.097830	-0.211824	-0.147337	3.823203	
0.073433	-0.169573	-0.193527	2.124496	2.070631	0.034359	-0.280609	1.904675	2.015775	1.700581	0.029674	1.970833	-0.173654	0.002414	3.940176	
-0.301895	-0.231035	-0.160692	1.930356	2.050592	-0.264413	-0.125556	1.829728	1.976306	1.806210	-0.051258	1.608158	-0.269422	-0.301514	3.837969	
-0.175282	-0.233719	-0.298433	1.536783	1.709006	-0.196692	-0.146009	1.772493	1.932730	1.951375	-0.252731	1.879120	-0.070654	-0.057971	4.079891	
0.039262	-0.324626	-0.183081	1.931878	1.825606	-0.429829	-0.010397	1.869744	1.788156	1.853873	-0.230088	2.093999	-0.031835	-0.336323	4.033036	
0.017650	0.234052	-0.070045	2.021922	2.070796	0.020936	0.035211	2.134950	2.017075	1.872518	0.107745	2.111992	-0.135518	0.027552	3.953878	
-0.234536	0.316792	-0.220799	2.027708	2.291449	-0.081870	-0.152532	2.043828	1.932023	2.219685	-0.292414	1.706469	-0.426553	0.013358	4.014637	
-0.013717	-0.620691	-0.267213	1.714055	1.817663	-0.207921	-0.264379	2.159720	1.718721	1.800665	-0.034115	1.752907	0.033663	-0.333797	3.867697	
-0.172366	-0.165920	-0.206619	1.854206	1.620822	-0.338129	0.119423	1.559978	1.612144	2.003979	-0.637851	1.697141	-0.003146	-0.263996	3.843279	
-0.000989	-0.167092	0.014125	1.805630	1.857439	-0.081589	-0.196511	1.914090	2.040595	1.753579	0.096883	2.251507	-0.266365	-0.259396	3.998940	
-0.347979	0.054330	0.011971	2.070526	1.977471	-0.215983	-0.434012	2.093692	1.837644	1.801002	0.118594	1.680833	-0.289253	0.123443	3.942584	
-0.105771	-0.075488	-0.221126	2.122857	1.766312	-0.118595	0.254229	1.544906	1.712538	2.250053	-0.371084	1.907684	-0.099110	-0.354855	3.786702	
0.008172	-0.192345	-0.079716	1.898242	1.873333	0.017172	-0.084754	2.070333	1.816433	1.867622	-0.101007	1.985564	-0.274879	-0.068496	4.300152	
-0.123250	-0.044349	-0.209426	1.963612	2.023376	-0.341056	-0.157533	1.704442	1.925702	1.908879	-0.297376	2.006234	0.130508	-0.626690	3.997520	
-0.025411	-0.455094	-0.082383	1.812233	1.528995	-0.352855	-0.155387	1.651991	1.921843	2.005982	-0.465699	1.849734	-0.008576	-0.297848	4.069301	
-0.302230	-0.355767	-0.204315	1.896442	1.620949	-0.024475	0.004198	1.926466	1.702970	2.011831	0.022328	1.971687	-0.336540	0.073695	3.996857	
0.034961	0.239942	0.026457	2.184726	2.143006	-0.286011	-0.508301	2.268327	1.680670	1.798794	0.025166	1.930895	0.020822	-0.238242	4.036671	
-0.217055	-0.176073	-0.259636	2.040040	1.983512	-0.161870	-0.029870	1.765903	2.117404	1.905485	-0.237801	1.765654	-0.114223	-0.157555	3.834235	
0.022567	-0.279141	0.088229	2.152403	1.966490	0.271734	-0.161587	2.122271	1.798104	1.799538	-0.098703	2.021579	-0.147293	-0.158775	3.719365	
-0.024049	-0.483365	-0.157104	1.980358	1.796388	-0.618705	0.018235	1.547694	1.993351	2.114516	-0.297443	1.845644	-0.153608	-0.337949	3.648417	
-0.004398	-0.127690	-0.350078	1.840669	1.784809	-0.375412	-0.226321	2.091123	1.595914	1.844429	-0.073785	1.819084	-0.086807	-0.208694	4.090888	
-0.679894	0.508021	0.078173	2.047032	2.410580	0.022195	-0.034370	2.434197	1.990813	1.709579	-0.051299	1.796424	-0.454044	0.157923	3.821852	
-0.238715	-0.265117	-0.105333	1.756634	1.555444	-0.402687	-0.279360	1.944684	1.955702	2.035245	0.076452	2.118241	-0.026824	-0.139571	4.115362	
0.181731	-0.397799	-0.247236	1.985105	1.962619	-0.157123	-0.157796	1.698038	2.076079	1.928059	-0.585780	2.123117	-0.093665	-0.226856	4.342317	
-0.313340	-0.199598	0.134291	2.059524	1.563420	-0.247801	-0.363150	1.885257	2.077763	2.140969	-0.038482	2.115398	-0.008275	-0.322100	3.657244	
-0.225704	-0.078429	-0.513756	1.820551	2.489406	-0.301798	-0.016816	1.964912	1.529893	1.759021	-0.036730	1.505984	-0.209194	-0.012584	4.000260	
0.025861	-0.022854	0.045316	1.955437	1.942881	-0.281055	-0.057289	2.176769	2.067524	2.077403	-0.024429	1.841965	-0.029089	-0.359748	3.732975	
-0.719320	0.058328	-0.267151	1.828792	1.332215	0.032914	0.032058	1.700831	1.821032	2.023077	-0.516279	2.297470	-0.152212	0.161626	4.064776	
0.063954	-0.340378	-0.040159	1.830167	2.011202	-0.215941	-0.275037	2.065866	2.053116	1.814590	0.197622	1.945050	0.038172	-0.279048	4.276196	
-0.214623	-0.002578	0.060090	1.920211	2.169700	0.091842	-0.071391	2.224010	2.031158	2.080656	0.092277	1.846967	-0.420536	0.074487	3.903789	
-0.165595	-0.244054	-0.132338	2.104396	1.894128	-0.428425	-0.313876	1.686844	1.917699	1.829655	0.034916	2.021429	0.063823	-0.159207	3.950864	
-0.079674	-0.163518	-0.506463	1.734110	1.776042	-0.181073	-0.358967	1.997575	1.755616	1.720683	-0.337793	1.769108	0.210535	0.183136	3.870777	
-0.306994	0.003000	-0.043563	2.074274	1.983362	0.033692	0.018324	1.876132	1.979409	2.173100	-0.090463	1.899088	-0.047847	-0.465138	3.904933	
-0.119733	0.031098	-0.100535	1.617126	2.017858	0.033751	-0.373160	2.005554	1.822367	1.620672	-0.335836	2.173394	-0.585033	-0.057244	3.980844	
-0.044568	-0.531639	-0.040874	1.814847	2.045037	-0.112691	-0.140424	1.931340	1.947277	1.991911	-0.093446	1.686277	-0.245972	-0.082288	4.070956	
-0.390701	-0.173101	-0.011575	1.955467	1.705082	-0.051703	0.012598	1.681861	1.944177	1.960364	-0.159847	2.117839	0.033165	-0.377375	4.089031	
0.056474	-0.122634	-0.369310	2.024145	1.734106	-0.440718	-0.142423	1.820154	2.086025	1.842649	-0.146853	1.849109	-0.085430	-0.267503	4.044926	
-0.413774	-0.145768	-0.393510	2.038265	1.816618	0.035921	-0.253531	2.091806	1.974835	1.548172	-0.260765	1.999176	-0.181948	-0.090956	3.859407	
0.232160	-0.086500	-0.050648	1.741076	2.269547	-0.501930	-0.116872	2.148626	1.919649	2.386589	-0.072511	1.776479	-0.127417	0.144122	3.767113	
-0.499843	-0.339616	0.028858	2.203824	1.842587	-0.128035	-0.260912	1.833441	1.731167	1.770034	-0.147105	1.986248	0.175087	-0.286734	4.183299	
-0.139741	0.185342	-0.253686	1.678316	1.975253	0.051098	-0.148431	1.755762	2.081478	1.631474	-0.144706	2.096074	-0.279235	-0.200967	4.046047	
-0.083091	-0.063820	-0.047735	2.028154	1.954251	-0.209024	-0.032087	2.061957	1.952195	2.297617	-0.089065	1.771411	-0.081811	-0.277873	4.013352	
0.050112	-0.071633	-0.257133	2.032438	2.039820	0.032492	-0.142363	1.882041	2.016071	1.816562	-0.201319	1.933903	-0.000653	-0.130500	3.881193	
-0.353869	-0.349766	-0.262569	1.999015	2.173706	-0.461141	-0.195992	2.032347	1.815547	1.843862	-0.043785	1.822098	-0.374063	0.041766	3.714633	
-0.231180	-0.141845	-0.268471	1.890589	1.645634	-0.289494	-0.325993	1.961152	1.925071	1.829452	0.203593	1.798016	-0.308156	-0.187907	4.093326	
0.035452	0.070688	0.004508	1.999790	1.778888	-0.062699	0.202521	1.952810	1.919928	1.955493	-0.292331	1.822451	-0.067327	-0.107877	3.802832	
0.046685	-0.162872	-0.024582	1.963484	2.106418	-0.098947	-0.023264	1.972975	1.829996	2.078185	0.061092	1.822811	0.034812	0.018298	3.924744	
0.202507	-0.402136	-0.205901	2.186447	1.850901	-0.352882	-0.281272	1.899830	1.612035	2.005924	-0.229425	2.069247	-0.026949	-0.146872	3.828832	
-0.531944	-0.221897	-0.031916	1.792976	1.952735	-0.177911	0.091155	2.026390	2.195923	1.875719	-0.219431	1.682306	-0.415141	0.042127	4.259426	
-0.057364	-0.017568	-0.445216	1.927590	1.805436	-0.170784	-0.054616	1.960558	1.641934	1.709305	0.127219	2.088424	-0.048900	-0.127011	3.779462	
-0.009022	-0.251598	0.048166	1.890248	1.780032	0.147595	-0.299623	1.690894	1.936193	2.308719	-0.215765	2.157690	-0.170504	-0.051075	3.968873	
-0.366997	-0.278245	-0.153864	1.797696	2.025753	0.058942	-0.124015	2.114446	2.029244	1.556582	0.164859	1.945570	-0.371729	-0.219675	3.857321	
-0.010464	-0.022986	-0.130936	2.112821	1.943290	0.085723	-0.059003	1.811521	1.880547	2.155491	-0.324236	1.957273	0.309308	-0.106345	3.832628	
-0.247078	-0.434094	-0.329221	1.932426	1.718402	-0.259594	0.142615	1.879906	1.942475	2.221380	-0.031483	1.998595	-0.001951	-0.200691	3.902824	
-0.182370	0.301616	-0.315872	1.984641	2.139942	-0.211011	-0.435729	1.938343	1.851415	1.806507	-0.376059	1.592211	-0.110904	-0.120246	3.984653	
0.035259	-0.351955	-0.147212	2.182182	1.809639	-0.249695	-0.294296	1.874715	1.907749	1.978711	0.042913	2.131231	-0.245182	-0.203732	4.145908	
-0.144856	-0.106194	0.001387	1.979584	2.095619	-0.074970	-0.172284	2.111418	1.995991	2.062358	-0.152962	1.677851	-0.012319	-0.045013	3.626608	
-0.265233	-0.107179	-0.448185	1.624109	1.834820	-0.213407	0.009638	1.710804	1.899948	1.989125	-0.112905	1.827690	0.027630	-0.352671	4.135746	
0.129219	-0.011458	0.035453	2.133618	2.105782	-0.197076	-0.053648	1.965113	2.022590	1.971643	-0.245194	2.291021	-0.082657	-0.236235	3.915511	
-0.198378	-0.262906	0.031009	1.962488	1.819564	0.033094	-0.075483	1.728848	1.976523	1.894264	-0.015935	1.876589	-0.398564	-0.007195	4.053144	
-0.033933	0.257916	-0.305064	1.924232	1.778491	0.047811	-0.129394	2.104475	1.944621	2.202691	-0.172818	2.103134	-0.239325	-0.319576	3.999927	
-0.092067	-0.013520	-0.071283	1.868931	1.893509	-0.228538	-0.026544	2.047565	1.880580	1.867251	-0.030588	1.657496	-0.048251	-0.185342	3.806677	
-0.032585	-0.159899	-0.322106	1.979749	2.069006	-0.193936	-0.292452	1.872800	1.781861	1.613477	0.166310	1.921373	-0.263550	-0.009231	3.851236	
-0.250546	-0.106452	0.089615	1.933371	2.059993	0.048743	-0.196176	2.017631	2.088409	1.959726	-0.149429	2.098356	-0.054066	-0.117874	3.785656	
-0.136695	-0.282696	-0.118281	2.069934	1.651125	-0.104605	0.246112	1.682965	1.958759	2.180409	-0.467840	2.100593	-0.186856	-0.283412	3.930735	
-0.115903	-0.302514	-0.086397	2.039769	1.865167	-0.157754	-0.523467	1.726573	1.990284	1.980311	-0.086705	1.803278	0.155688	-0.359760	3.909716	
-0.184586	-0.192262	-0.190016	1.625609	1.826984	-0.086271	-0.001611	2.255857	1.951808	1.827983	-0.321525	1.846141	-0.462537	0.086694	4.187478	
0.168671	-0.133215	-0.386592	2.083186	2.181320	-0.269395	-0.124818	1.838088	2.090741	1.980224	0.053912	1.996579	-0.257276	-0.393659	4.033956	
-0.391524	0.106441	-0.273038	1.975693	2.010304	-0.219949	-0.176378	2.120432	1.710749	1.884951	0.081948	2.003756	0.000637	0.262070	3.955255	
-0.255681	-0.766879	-0.112760	1.866868	1.754654	-0.381116	-0.082776	1.782994	1.824444	2.111301	-0.358191	1.803995	0.191601	0.064388	4.171333	
0.091812	-0.115987	-0.240239	1.888010	1.817059	-0.104214	0.050139	1.898220	2.015766	2.002415	-0.187461	2.106050	0.180595	-0.410728	3.816514	
-0.345587	-0.128823	0.054268	1.970306	1.986155	-0.247144	-0.113836	2.028609	1.766765	1.629240	0.005761	1.715877	-0.272923	-0.014720	4.045735	
-0.023205	-0.097932	-0.477809	1.730200	1.779456	-0.096914	-0.040950	1.850495	1.923830	1.789037	-0.275967	1.961826	-0.216103	-0.311759	3.788213	
-0.190355	-0.311242	-0.078227	2.251456	2.136218	-0.271088	-0.308071	1.992917	1.962105	1.957301	-0.058619	1.642473	-0.129579	-0.022288	3.938537	
-0.386705	-0.192680	-0.106026	1.784228	2.022025	-0.346261	-0.093770	2.110274	1.787825	1.872502	0.194318	1.601611	-0.356564	0.040836	3.650641	
0.095332	-0.158545	-0.410663	1.935888	1.984121	-0.022782	-0.232807	1.717532	2.097612	1.863817	-0.215957	1.782759	0.033575	-0.111413	4.216464	
-0.252226	-0.049495	-0.149071	1.636035	2.293478	-0.185636	-0.109507	1.752690	2.067704	2.286032	-0.386725	2.358133	-0.316596	-0.454698	3.901460	
-0.175679	-0.233154	-0.229712	1.964342	1.657761	0.049984	-0.299043	2.076844	1.749026	1.497955	-0.055785	1.962856	0.130970	0.030881	3.970085	
-0.183091	0.032096	0.151951	2.041742	2.051175	-0.431732	0.079549	1.760050	2.160131	2.334457	-0.037335	1.995628	-0.092982	-0.139606	3.993090	
-0.018632	-0.278333	-0.248705	1.865090	1.674044	-0.193275	-0.316892	1.984086	1.750730	1.759765	-0.046040	1.819254	-0.105928	-0.169233	4.282638	
-0.043386	-0.139916	0.085432	1.808958	1.882860	-0.093368	0.378541	1.688797	1.882332	2.127132	-0.354749	1.734687	-0.145339	-0.076101	3.854106	
-0.122070	-0.191160	-0.303712	2.041429	1.903366	0.021843	0.009551	2.212347	2.220627	1.745327	0.004105	1.947400	0.173145	-0.249287	4.235160	
-0.030924	-0.100235	-0.243391	1.955794	1.960788	-0.015935	-0.110559	1.774062	1.849171	2.113772	-0.137621	1.980279	-0.471172	0.016911	4.146928	
-0.327816	-0.109518	-0.146990	1.741742	1.826894	-0.383485	-0.532578	1.730260	2.202557	1.829062	0.058134	1.772580	0.241120	-0.211257	4.132668	
-0.212124	-0.377133	-0.330456	1.755747	1.806281	-0.176557	-0.136085	1.829568	1.601949	1.934215	-0.374241	2.002717	-0.491665	-0.366439	4.023964	
-0.112004	0.052372	0.042786	1.493656	2.011439	-0.128678	-0.300223	2.168679	2.153596	2.111076	0.110374	1.807547	0.192901	0.164685	3.801729	
-0.150377	-0.052982	-0.144770	2.266151	1.889920	-0.050653	0.092129	2.071461	1.814633	1.686385	-0.084377	2.147371	-0.356565	-0.116500	4.039497	
0.086950	-0.510041	-0.186162	1.604708	1.786483	-0.031165	-0.111047	1.640994	2.081811	2.072526	-0.289281	2.110100	-0.305011	-0.292085	3.848657	
-0.247005	-0.155860	-0.191794	1.940481	1.586519	-0.421874	-0.257251	2.063154	1.859573	2.024060	-0.241340	1.809720	0.130046	-0.170053	3.785767	
-0.119663	0.014172	-0.128856	1.919176	2.121296	-0.147076	-0.368327	1.895961	2.195212	1.677423	-0.020734	1.805631	-0.207984	-0.135203	4.179337	
-0.072563	-0.166851	-0.272575	1.943199	1.976469	0.047478	-0.015615	1.870448	1.907278	1.939797	0.032699	1.985678	-0.331038	-0.232802	3.974772	
-0.099194	-0.009481	0.037409	2.138427	1.770415	-0.220385	-0.398799	1.973727	1.904249	2.006782	-0.156744	1.802730	0.207853	0.176326	4.115707	
-0.138163	-0.192780	-0.155344	1.920947	1.977546	-0.392371	0.085868	1.688856	1.654319	2.216218	-0.013185	2.042513	-0.223639	-0.238024	3.983039	
-0.318041	-0.152135	-0.157987	1.792546	1.840854	0.085192	-0.273903	2.102498	1.931260	1.557581	-0.484663	1.919364	-0.131905	0.084298	3.908529	
-0.364368	-0.082690	0.142419	1.646012	2.135622	0.020160	-0.272472	1.727100	2.179055	1.763682	0.155239	2.084637	-0.111672	-0.479938	3.957610	
0.088917	-0.234004	-0.377822	2.241958	1.956080	-0.438805	-0.001951	1.768701	1.758078	1.921957	-0.363534	1.606098	-0.234417	-0.069016	3.828341	
-0.142619	-0.079689	-0.052452	2.225776	1.804494	-0.267316	0.262624	2.200927	1.801745	2.112024	-0.066716	1.825688	-0.052067	-0.067498	3.720300	
-0.220398	-0.157543	-0.144778	1.843249	1.595999	-0.161012	-0.382990	1.831879	1.981924	1.884147	0.009842	1.968872	-0.332888	-0.123698	4.012236	
-0.340839	-0.296951	-0.111209	1.959058	1.995688	0.021454	-0.103197	1.921121	1.811027	1.729387	-0.183474	1.841025	-0.187483	-0.075349	4.242077	
0.078691	-0.085291	-0.183929	1.921760	1.877395	-0.097161	-0.233981	1.996997	2.231805	2.103364	-0.045837	1.972851	-0.216274	-0.217080	4.092588	
-0.342261	-0.066555	-0.131360	2.014699	1.892014	-0.140030	-0.141690	1.849784	1.678066	1.596144	-0.274183	1.885345	-0.181869	-0.306807	3.881318	
-0.038071	-0.331532	-0.203436	2.021052	1.775976	-0.161564	-0.145196	1.869229	1.902267	2.123510	-0.379585	1.772338	-0.140008	-0.078629	3.982781	
-0.044771	0.065760	-0.249903	1.832408	1.824194	-0.171352	-0.164480	1.777469	2.072975	1.950689	-0.006400	1.848484	-0.180314	-0.275707	4.004158	
0.130221	-0.150233	0.010379	2.079458	2.229424	-0.188049	0.053582	2.154178	1.742669	1.819582	-0.050720	1.986878	-0.004440	-0.128491	3.917337	
-0.415716	-0.027467	-0.282380	2.124867	2.069496	0.054178	-0.148832	1.960246	1.979602	2.083007	-0.087008	1.982218	-0.258291	0.199080	4.121514	
-0.194111	-0.425293	-0.227757	1.845780	1.562573	-0.176690	-0.338070	1.831186	1.796745	1.738883	-0.162586	2.072284	-0.387635	-0.572180	3.891121	
-0.154434	0.034744	-0.109695	1.870457	1.959449	-0.013168	-0.140791	1.839223	1.868905	2.074131	-0.134214	1.942377	-0.384204	-0.027390	3.806939	
0.077190	-0.088573	-0.069590	1.945348	1.968111	-0.410158	0.053786	1.929260	1.994619	1.894614	-0.147214	2.006605	-0.012380	-0.072988	4.007883	
-0.446057	-0.183285	-0.124994	1.814741	1.944131	-0.053511	-0.237522	1.860057	2.007628	1.733925	-0.183273	1.724863	0.127910	-0.233816	4.041112	
-0.128866	0.220637	0.027075	1.734976	1.969353	-0.094538	-0.227364	2.313854	1.933654	1.855079	0.114849	2.195788	-0.310168	0.055173	4.205432	
-0.169362	-0.291696	0.045344	1.924690	1.594968	0.046334	-0.399385	1.817834	1.764417	2.078490	-0.182520	2.060962	0.045611	0.051540	4.019937	
-0.186791	-0.317676	-0.284532	2.026075	1.808945	-0.210790	-0.072190	2.015633	2.006759	1.900559	-0.482739	1.700793	-0.160422	-0.361879	4.005464	
0.074298	-0.024472	-0.008993	1.765403	2.270528	-0.266325	-0.225519	1.909478	2.041246	2.049976	-0.062552	2.032622	-0.165414	-0.486970	4.087086	
-0.148398	-0.077681	-0.350373	2.097218	1.861869	-0.060162	-0.193127	2.376542	1.662629	1.965356	-0.330965	1.788475	-0.161687	0.285193	3.920488	
-0.006352	-0.182049	-0.157150	1.795029	1.915919	-0.151375	-0.011332	1.781375	1.663148	2.260577	-0.298605	1.779880	-0.121017	-0.081599	3.482608	
-0.275961	-0.121621	0.058929	2.117621	1.925035	-0.296749	-0.293902	1.939560	1.657431	1.565429	-0.029023	1.944211	-0.247532	-0.308753	3.820727	
-0.289514	-0.093128	-0.263788	1.631268	2.041414	-0.024367	-0.110133	1.944498	2.067731	1.886049	-0.060438	2.068210	-0.099894	-0.165630	3.967088	
0.068685	-0.273837	-0.059401	1.945871	1.822229	-0.432903	-0.213921	1.702471	2.076431	1.765518	-0.270051	1.928948	-0.466166	-0.448899	4.044474	
0.142364	-0.192319	-0.222358	1.821566	1.625284	-0.081312	0.109341	1.756910	1.845121	2.080311	0.037251	1.871427	-0.041880	-0.006144	3.872620	
-0.283186	0.071815	-0.259404	2.243542	2.011344	-0.092047	-0.080937	1.883815	1.822133	1.605286	-0.118405	1.653055	-0.096476	-0.324447	4.008190	
-0.452863	-0.187756	-0.080819	1.647280	1.977824	0.125056	-0.264957	1.902990	1.920353	2.033132	-0.315096	2.159566	-0.110449	-0.031363	3.921589	
0.237869	-0.351452	-0.177541	2.096519	2.126071	-0.030780	-0.236866	2.004621	1.950025	1.857274	-0.017729	2.109281	0.003395	-0.210077	4.137302	
-0.231467	-0.049690	-0.279954	2.034305	2.039970	-0.108113	0.138517	1.776229	1.798441	2.066791	-0.291758	1.717141	-0.295084	-0.155230	3.908934	
0.004413	-0.295364	0.062140	2.071705	1.844651	-0.134527	-0.126337	1.824010	1.906886	1.976825	-0.139951	1.921015	0.191654	-0.125701	3.878841	
-0.286102	0.133127	-0.063708	1.992404	2.009371	-0.033131	-0.021717	1.866567	2.111214	1.748902	-0.242207	1.983700	-0.157905	0.229010	4.447033	
-0.162687	-0.424019	0.120402	1.821173	1.880100	0.030210	-0.335038	1.949510	1.723241	1.896220	-0.025495	1.905543	-0.111955	-0.454599	3.921345	
-0.207621	0.070245	-0.342477	1.851208	1.982260	-0.229743	0.027577	1.885740	2.066129	1.748810	-0.179558	1.756994	-0.184365	-0.004093	3.959510	
-0.203304	-0.284439	0.064139	1.987520	2.035072	-0.164552	-0.140717	2.107795	1.640435	1.953255	0.223580	1.932108	-0.183478	-0.067840	3.984643	
-0.212120	-0.081760	-0.250549	1.933821	1.823145	0.077002	-0.171759	1.863908	2.126491	1.966569	-0.491672	2.003693	-0.518821	-0.185750	4.028270	
-0.137503	-0.502455	0.143540	1.798216	2.235896	-0.009128	-0.054363	1.836184	2.047290	2.081854	0.095379	1.671965	0.459400	-0.237328	3.706288	
-0.371698	0.015494	-0.323251	1.878921	1.786137	-0.040073	0.045067	1.668898	1.844560	1.981856	-0.373228	1.951541	-0.163518	-0.312959	3.998161	
-0.100595	-0.147008	-0.314744	1.904884	1.894049	-0.070132	-0.157430	1.726195	1.948182	1.967036	0.175990	1.891403	-0.312755	-0.245014	3.825367	
-0.215174	-0.081788	0.076402	2.109959	1.778561	-0.140147	-0.450297	2.341329	1.800401	1.937133	-0.103237	1.914156	-0.243245	0.289429	3.918906	
0.028058	-0.157453	-0.369280	2.062237	1.845266	-0.050650	0.259606	1.750582	2.173916	2.056988	-0.145364	1.936901	-0.093878	-0.530791	3.887060	
-0.071564	-0.220429	0.050455	1.684581	1.740186	0.332384	-0.122329	2.126396	2.207028	1.853872	-0.233236	2.105570	-0.213583	-0.049308	4.123939	
-0.174477	0.071121	-0.079470	2.005019	1.997883	-0.351485	-0.386733	1.739512	2.028766	1.648359	0.019368	1.862047	0.101697	-0.150862	4.144190	
0.004238	-0.425367	0.007957	1.871110	1.613689	-0.121648	0.143991	1.617001	1.874222	2.263698	-0.085369	1.774677	-0.538666	-0.270125	3.954129	
-0.237750	-0.423529	-0.315257	1.964958	2.208665	-0.223621	-0.047466	2.098213	1.623113	2.129622	-0.360071	2.114815	0.183750	-0.112401	3.830144	
-0.246197	0.158662	-0.220087	1.997102	1.949235	-0.087182	-0.244752	1.742227	2.310298	1.668053	-0.120532	2.119640	-0.218594	-0.190050	4.035710	
-0.047541	-0.213699	-0.082989	1.812391	1.858210	0.045077	-0.292272	2.158695	1.782805	1.937393	-0.134977	1.966992	-0.025478	0.255981	4.234673	
-0.079393	-0.194540	-0.174836	2.126689	1.961886	-0.107295	0.027740	1.827882	1.858111	2.019799	-0.301380	1.822728	0.048651	-0.328880	3.803593	
-0.179886	-0.297489	-0.249820	1.905575	1.847754	-0.050175	-0.009224	1.822639	2.042047	2.046517	-0.140417	1.686403	-0.049970	-0.362041	4.008444	
0.194249	-0.029815	-0.077602	2.022704	2.079492	-0.177432	-0.012661	2.039106	1.632727	1.888408	-0.398111	2.074020	-0.185085	-0.047987	3.876210	
-0.153424	0.024765	-0.171087	1.776516	1.931876	0.127961	0.104377	2.170710	2.152013	1.762318	-0.041719	1.995649	-0.423984	-0.122183	3.926481	
-0.293081	0.025395	-0.286529	1.930578	1.665739	-0.249672	-0.207590	1.996116	1.840092	2.218418	0.054654	1.764705	-0.012126	0.163364	3.940260	
0.140681	-0.214955	0.070667	2.193604	2.094903	-0.244254	0.102626	1.725665	1.678909	2.146737	-0.402861	1.890570	0.117842	-0.157924	3.883063	
-0.676710	-0.326971	-0.091967	1.655470	1.656301	0.270678	-0.410827	2.102683	2.162202	1.704677	-0.227744	2.180523	-0.382284	-0.368843	4.118502	
0.045990	0.052272	-0.191626	2.152790	1.812838	-0.156657	-0.203078	1.423357	2.121329	2.156430	-0.386333	1.989798	-0.149717	-0.203556	4.470971	
0.163107	-0.295839	0.012482	2.243386	2.051259	-0.059491	0.175209	2.059700	1.759421	1.883798	-0.047735	2.058746	-0.236391	0.037178	3.779710	
-0.074131	0.147636	0.154917	1.713736	1.733810	-0.308687	-0.126539	2.308637	1.655148	1.946330	-0.201715	1.792255	-0.005071	0.197389	3.961503	
-0.101786	-0.047193	-0.472430	1.996634	1.957508	-0.174449	-0.035605	1.777768	2.051224	1.784870	0.007482	1.664662	-0.192132	-0.443254	3.812737	
-0.162194	0.035274	-0.231056	1.689225	1.820979	-0.241319	-0.342416	1.643346	1.877485	1.458204	-0.313958	2.024456	-0.065862	-0.047366	4.060255	
-0.002678	-0.574684	-0.102700	2.110576	1.792489	-0.015923	-0.334656	1.715760	1.797062	2.005863	-0.175649	2.075402	-0.209176	-0.456807	3.947228	
-0.233374	-0.109564	-0.180326	2.246456	2.015682	-0.159034	0.196057	1.904430	2.040719	2.168586	-0.285931	1.819922	-0.058006	-0.005913	3.957929	
-0.199403	-0.095187	0.035915	1.792507	1.822798	-0.099886	-0.505685	2.363563	1.933730	1.928470	-0.078341	2.009497	-0.101333	-0.153642	3.890337	
0.001754	-0.175815	-0.401691	1.938073	1.888441	-0.479895	0.229096	1.779009	1.736628	1.830863	-0.273710	1.830030	-0.204052	-0.236029	3.945877	
-0.132843	-0.411107	-0.259108	2.024335	1.931540	-0.019298	-0.206319	1.701747	1.991022	1.821461	-0.229856	1.977712	-0.000706	-0.369191	3.957418	
-0.032698	-0.114491	0.393370	2.038317	1.720816	0.091002	-0.205420	2.077047	2.033806	2.228831	-0.145895	2.247723	-0.256904	0.223785	4.021965	
0.019599	-0.170095	-0.179084	1.687369	2.047623	-0.012217	-0.333192	1.987906	1.802347	1.706977	-0.078933	1.863007	-0.050240	-0.180527	3.972189	
-0.336204	-0.198387	-0.373936	2.029128	1.896902	-0.233616	-0.330610	2.012628	2.090030	1.843132	-0.266876	1.577795	-0.213519	-0.002536	3.803393	
0.039938	-0.351250	-0.118445	2.222436	1.688821	-0.404923	0.078599	1.927853	1.761288	2.174347	-0.346869	1.966418	0.016945	-0.273574	3.669739	
-0.271663	-0.054747	-0.022541	1.912610	2.045126	-0.085749	0.090241	1.809897	2.065419	1.863308	-0.339660	1.721485	-0.151657	0.057988	4.278698	
-0.235218	0.018175	-0.040843	1.836820	2.089810	-0.195875	-0.243024	2.036694	1.868014	1.607839	0.123454	2.071428	-0.260387	-0.107786	3.856505	
-0.128037	0.070162	-0.201985	1.797936	1.819154	0.011825	-0.401189	1.828137	1.941493	1.942890	-0.072918	2.328711	-0.218845	0.016356	4.141507	
0.147024	-0.373933	-0.008918	1.972371	1.762150	-0.295952	0.075975	1.811134	1.930421	2.124228	-0.106890	1.805291	0.127239	-0.450249	4.112141	
-0.267751	-0.122364	-0.083586	1.789162	1.759885	0.011200	0.056135	1.835496	1.827377	1.994819	-0.504684	2.092612	-0.083050	-0.411025	3.792930	
-0.158176	-0.199401	-0.349664	1.755109	2.030428	-0.164612	-0.338798	1.721348	2.018257	1.507354	0.053239	1.660511	0.018068	-0.271742	4.076903	
-0.012239	0.074055	0.201460	1.775079	1.983617	0.023474	-0.324994	2.259555	1.706197	2.307386	-0.193286	2.096412	-0.019822	0.100566	3.711429	
-0.351758	-0.202488	-0.197639	2.104377	2.235266	-0.253869	-0.136562	1.832574	1.979000	1.768902	0.147481	1.897679	-0.315178	0.018299	4.091460	
-0.081319	-0.263234	-0.295131	1.626539	1.861756	-0.349915	-0.464086	2.229954	1.881585	1.916552	-0.232898	1.759026	-0.244688	-0.376686	3.955487	
0.230759	-0.723620	-0.265024	1.873577	1.668474	-0.060452	0.030093	1.752322	1.802187	1.889702	-0.261831	1.914646	-0.189556	0.045587	3.937148	
-0.261269	0.167454	-0.064843	2.092225	1.662253	-0.210336	-0.197737	1.849557	2.011685	2.042469	-0.035301	1.887046	0.150117	-0.305023	3.985605	
-0.158149	-0.181595	0.029859	1.481568	1.925232	-0.060740	-0.129411	1.923078	1.972311	2.015317	-0.076405	2.042687	-0.294743	-0.357818	3.935727	
0.048714	-0.075894	-0.273273	2.155269	1.918348	-0.237221	-0.106566	2.003156	1.886983	1.787862	-0.045295	2.102815	-0.392591	-0.069058	3.899079	
-0.297118	-0.044226	-0.247589	1.706274	2.130597	-0.259174	-0.309659	2.158673	1.793709	2.016976	-0.367772	1.996416	-0.069818	-0.083268	3.968404	
-0.199358	-0.183534	0.001616	2.063100	1.904427	-0.436652	-0.002874	1.745817	1.934205	1.836482	-0.197276	1.984630	-0.360600	-0.089471	4.080400	
0.018959	-0.333967	-0.183563	2.062546	1.290902	0.041418	-0.185187	1.696066	1.909438	2.107184	-0.302719	2.036526	-0.126235	-0.421136	3.963126	
-0.307266	-0.114660	0.039820	1.883366	2.375851	-0.249835	-0.044908	2.052505	2.088681	1.784994	-0.032168	1.948929	0.062081	-0.118081	4.076545	
-0.078580	-0.186843	-0.132622	2.037650	1.601492	-0.041550	0.009140	2.059144	1.693970	1.800332	-0.167960	1.922029	-0.373236	-0.005342	3.825349	
-0.029901	-0.138662	-0.135126	1.824397	1.851022	-0.269730	-0.289348	1.519160	1.820710	1.967163	-0.137646	1.933764	0.047683	-0.182381	4.057936	
-0.328146	0.052239	-0.184580	1.629528	2.014207	-0.063114	0.058490	1.997211	1.892836	1.614999	0.011929	1.717856	-0.383785	-0.356576	4.076755	
-0.205969	-0.354357	0.023775	1.858963	2.131160	-0.465923	-0.671117	1.993434	1.886554	1.900344	-0.186363	2.017831	-0.215782	-0.019257	3.852326	
-0.208832	0.166841	-0.230215	1.936350	1.914301	-0.064736	-0.031508	1.914239	1.788243	1.948412	-0.066122	1.717101	-0.155168	-0.037716	3.923958	
0.043022	-0.220112	-0.077831	2.137942	1.612067	-0.207448	0.010478	1.662819	1.558264	2.002585	-0.319112	1.963974	0.099900	-0.126159	3.733087	
-0.205687	0.102715	-0.052275	1.959254	1.898334	0.081789	-0.269860	1.869317	2.062203	1.788350	-0.211862	2.093289	-0.363158	-0.242753	4.357262	
-0.025849	-0.254005	-0.071138	1.419751	1.927742	-0.143135	-0.343066	2.030792	2.116220	1.977984	0.261118	1.956736	-0.027250	0.013652	4.094680	
-0.534829	-0.058721	-0.421690	2.041198	2.371363	-0.140868	0.045444	1.844226	1.585066	2.084242	-0.511230	1.869750	-0.008746	0.130183	3.748264	
0.182940	-0.288527	-0.297385	2.013307	1.564878	-0.407687	-0.227128	1.898204	1.858768	1.818954	0.066347	1.844918	-0.493860	-0.264474	3.878168	
-0.145514	-0.627718	-0.075533	2.101019	1.841022	-0.286226	0.053969	1.403511	1.851750	1.814292	-0.469167	1.822905	0.011528	-0.444191	3.895731	
0.147899	-0.063024	0.141471	2.019929	1.754786	0.194939	-0.211197	1.917544	2.062561	2.132823	-0.535243	2.033544	-0.335896	-0.113340	4.161706	
-0.168749	-0.001031	-0.091209	1.666824	1.989883	-0.317066	-0.205312	2.078327	1.891198	1.843678	0.319558	2.007779	0.074813	0.094284	3.986831	
-0.020724	-0.252503	-0.173753	1.923244	1.980366	-0.077068	-0.012034	1.842263	1.994189	1.961679	-0.190879	1.874983	0.036941	0.002682	3.932476	
-0.106727	-0.346983	-0.240865	1.968127	1.521946	-0.249630	-0.170217	1.729134	1.796294	1.885691	-0.364913	1.814168	-0.253845	-0.045091	4.039046	
-0.048293	-0.295426	-0.449581	1.787974	1.896685	-0.426401	-0.168882	1.799914	1.686079	1.723376	-0.228498	2.020686	-0.414526	-0.141619	3.918554	
-0.148648	0.272217	-0.004876	2.251911	1.887253	0.070911	-0.047714	1.957299	2.085249	2.091439	0.003733	1.790342	-0.079900	-0.230840	3.814749	
-0.083670	-0.430828	-0.184982	1.842337	1.900632	-0.004501	-0.092699	1.893245	1.999288	2.211912	-0.532163	2.005194	-0.024846	-0.173935	4.125112	
-0.256378	-0.132746	-0.007822	1.661542	1.904450	-0.368018	-0.092148	2.037516	2.063088	1.734067	-0.093623	1.789856	-0.118085	0.089845	4.030404	
-0.072893	-0.120081	-0.398672	1.976264	1.985387	0.026455	-0.324382	1.903823	1.629860	2.061944	-0.037207	2.186660	-0.145426	0.015179	3.767605	
-0.436727	0.051292	-0.344196	1.910736	1.571063	-0.552621	0.103163	1.719248	1.685486	1.950043	-0.342818	1.455629	-0.040706	-0.225584	3.800023	
0.323639	-0.353159	-0.088592	2.029979	2.054958	-0.010491	-0.181120	1.777770	2.035300	1.657969	-0.222331	1.981257	-0.075520	-0.214894	4.132944	
-0.376041	-0.205313	-0.259799	2.050004	1.734403	-0.346732	-0.322310	2.108231	2.072300	2.073654	-0.242038	1.790331	-0.365873	-0.023629	4.055169	
-0.380131	-0.080471	0.056710	1.742230	2.037894	-0.199554	-0.277113	1.868084	1.889644	2.063192	0.121986	1.858912	0.026811	0.036803	3.792445	
-0.305534	0.136299	-0.064407	1.933401	1.875541	-0.046230	-0.105824	2.247130	2.137093	1.573364	0.020888	2.149861	-0.313948	0.093988	4.014485	
-0.172172	-0.101390	-0.259022	1.782776	1.930426	-0.153404	-0.352666	1.613218	1.771544	1.924554	-0.134077	1.784014	-0.428678	-0.331404	4.029070	
-0.039723	-0.323860	0.097956	1.919782	1.958615	-0.244282	0.087894	1.640008	1.827795	2.076757	-0.520533	1.912413	0.073557	-0.042678	4.010183	
-0.150737	-0.184301	-0.064496	2.051287	1.803387	0.149041	-0.130406	2.087403	2.015999	2.136625	-0.258134	2.093599	-0.276491	0.015642	3.823732	
-0.282558	0.044358	-0.161437	2.051807	1.970090	-0.025324	0.010078	1.900830	2.224496	1.908303	-0.116799	2.062083	-0.246835	-0.315288	4.100934	
-0.254923	0.045955	0.065852	1.677262	1.904182	-0.266263	-0.046718	2.005395	2.188004	1.858313	-0.060069	1.953465	-0.435587	-0.284572	3.823318	
-0.129074	-0.384949	-0.460970	1.829626	1.995200	-0.114061	-0.346980	1.485578	1.463304	1.916926	-0.213536	1.844838	0.103703	-0.638393	3.981386	
0.149142	0.037663	-0.004477	2.065855	1.948341	-0.326798	-0.182782	2.103241	2.012110	1.925904	-0.321114	2.048330	-0.162291	-0.087052	3.835557	
-0.284730	-0.364625	-0.141432	2.085258	1.841848	-0.102691	0.040916	1.905025	1.686655	1.986691	0.053725	1.778994	0.020097	-0.002676	3.963090	
0.001483	0.283818	-0.207744	1.762301	2.183596	-0.043790	-0.228386	1.925094	2.043682	1.962224	-0.146696	1.912987	-0.189601	-0.125301	3.868077	
-0.318548	-0.219598	0.006093	1.874916	1.846704	0.061234	-0.296836	1.736376	2.224060	2.066898	-0.024644	2.001433	-0.101463	-0.459486	4.170230	
-0.195935	-0.307942	0.019047	1.845624	1.761880	-0.427510	0.066210	1.727545	1.885391	1.838238	-0.393745	1.886733	0.079655	-0.137958	4.161589	
-0.313434	-0.085185	-0.086460	1.876315	1.892979	-0.087113	-0.102717	1.995838	1.909556	1.972310	-0.110993	2.053552	-0.114174	-0.089157	3.798057	
-0.246248	-0.132438	-0.242232	1.941577	2.060262	0.048087	-0.349881	1.881737	1.911135	2.128088	-0.186423	1.636626	-0.441085	0.028390	4.080030	
0.221189	-0.021017	-0.128909	2.162204	1.949022	-0.109271	-0.208527	2.050921	1.756875	1.836259	0.009219	2.070034	0.052317	-0.105493	4.046514	
0.178262	-0.103535	-0.025809	1.945467	2.096497	-0.236939	0.125312	1.713360	2.197367	2.118805	-0.239781	2.064289	-0.093660	-0.197289	3.845939	
-0.329185	-0.165076	-0.328864	2.099171	2.025920	-0.268539	-0.257904	1.783956	1.778418	2.188324	-0.332127	1.906331	-0.048110	-0.313023	4.089050	
-0.234537	-0.080048	-0.101631	1.742097	1.818916	-0.029794	-0.219134	1.711618	1.941287	1.584671	-0.311431	2.001865	-0.372240	-0.265654	3.722035	
-0.052125	-0.269250	-0.127829	1.758613	1.743651	-0.223017	-0.111329	1.935194	1.990351	1.812851	0.205547	1.765656	-0.172177	0.120845	4.355720	
0.306011	-0.211042	-0.240934	1.869836	2.302029	-0.113901	0.059753	1.879576	1.766033	1.991691	-0.284116	1.994910	0.005472	0.048993	3.681991	
-0.155150	0.211976	0.062388	1.950989	1.809077	-0.009555	-0.098264	1.980167	1.996656	2.066963	-0.369868	1.915370	0.005275	-0.259367	3.802636	
-0.327810	-0.202656	-0.220711	1.884987	1.872833	0.024108	-0.315491	1.759018	2.093775	1.422370	-0.303711	1.903065	-0.505373	-0.268943	4.277867	
-0.090420	-0.374018	-0.171140	1.712579	1.955007	-0.296067	-0.044238	1.759649	1.895063	2.131076	-0.249440	2.182784	-0.117627	0.056186	4.190295	
-0.136420	-0.088284	-0.136691	1.948752	1.736659	-0.181009	-0.165887	2.187724	1.986733	1.925137	-0.014833	1.772087	0.064312	-0.016636	3.901162	
0.052576	-0.035969	-0.143633	1.823243	2.013347	-0.165403	-0.228600	1.869947	1.853933	1.984236	0.022831	1.936676	-0.079870	-0.071976	3.997317	
-0.406486	-0.209895	-0.316735	2.066213	2.320505	-0.124592	-0.218464	2.118831	1.801516	1.696142	-0.397002	1.811224	-0.314825	-0.226935	3.659900	
-0.030615	-0.380961	0.133708	1.693618	1.817749	-0.256283	-0.204156	1.736102	1.860128	2.140053	-0.033140	2.150850	0.000438	-0.094627	4.177733	
0.093885	0.162747	-0.032232	2.118193	2.044747	-0.025195	0.077490	2.002223	1.849805	1.876009	0.045063	2.034874	-0.341513	-0.036285	4.225201	
0.065954	-0.080976	-0.402215	2.027091	1.838536	-0.170949	-0.312607	1.749062	1.892347	2.086156	-0.149463	1.911928	-0.030754	-0.230391	3.733704	
-0.459161	-0.166455	-0.471632	1.742716	1.685966	-0.369989	-0.097064	1.992570	1.828096	1.481999	-0.137566	1.464069	-0.212948	-0.094115	3.777793	
-0.190156	0.086514	-0.066076	1.773384	1.979748	-0.067833	-0.201020	2.064804	1.906246	1.902616	-0.137326	1.882958	-0.148078	0.170817	3.926450	
-0.335323	0.036728	0.044102	2.019437	1.975081	-0.275511	0.330787	1.877757	2.000524	2.192523	-0.166842	2.103124	-0.275542	-0.565301	4.013618	
0.090669	-0.105573	-0.330000	2.075294	1.977777	-0.036748	-0.556218	1.775573	2.158027	1.736402	-0.018866	1.932668	-0.060534	-0.151088	4.146642	
-0.367186	0.092643	0.095698	1.950251	2.116292	0.011288	-0.096443	1.901996	1.870529	1.931291	-0.170659	1.958405	-0.184114	-0.078493	4.074467	
-0.266921	-0.320032	-0.447313	1.886825	1.981120	-0.029287	0.003884	1.760613	2.009450	1.751617	-0.147395	1.536494	0.052766	-0.367130	3.567293	
0.013269	-0.248539	-0.060757	1.945496	2.066137	-0.256371	-0.246268	1.946757	1.758849	2.075481	-0.166480	2.137843	0.009614	0.149814	3.984962	
-0.129544	0.022309	-0.319028	1.836078	2.024202	-0.061502	-0.065841	1.953365	1.911413	1.986639	-0.176227	1.701094	-0.086496	-0.281672	3.862768	
-0.053414	0.009236	0.093512	2.027401	1.785664	-0.243626	-0.130894	1.942445	2.048619	1.669711	0.118122	2.047982	0.002091	-0.096397	4.423599	
-0.057364	-0.088303	-0.207926	1.852190	1.822227	0.045690	-0.274919	1.832107	1.964409	1.950805	-0.095868	1.983429	0.017887	-0.053676	3.999468	
-0.515770	0.221380	-0.090635	1.814936	1.872085	-0.187705	0.006225	1.965138	1.939203	1.477436	-0.147251	1.892908	-0.452050	-0.336761	4.155733	
-0.010208	-0.311432	-0.210373	2.011219	2.025820	0.119781	-0.226261	1.715362	1.573873	2.191642	-0.026013	1.859635	-0.089523	0.038799	3.690528	
-0.139602	-0.153764	-0.241218	1.864493	1.546910	-0.268016	-0.174757	1.971817	1.969818	2.113848	-0.082631	1.998864	-0.133065	-0.394358	4.000498	
-0.145962	0.096935	-0.252899	2.121810	1.834610	-0.301548	0.000744	1.849920	1.883471	1.717368	-0.172373	1.829913	0.066576	-0.106979	4.123686	
-0.037663	-0.269504	0.181268	1.575181	1.905661	0.095954	-0.018101	1.647169	2.207345	2.029965	-0.387930	2.250552	-0.179144	-0.199183	4.236166	
-0.247115	-0.117831	-0.005130	2.018218	2.040379	-0.084331	-0.311555	2.123932	1.973716	1.914619	-0.117646	1.748563	-0.111521	-0.312079	3.780666	
-0.174256	-0.138723	-0.282263	1.696921	1.933317	-0.165181	-0.107811	1.803394	1.845507	1.905055	-0.316641	2.112200	-0.340645	-0.019896	3.944874	
-0.335182	-0.397240	-0.177074	2.337092	2.020554	-0.161385	-0.287012	1.819392	1.722762	1.873324	0.043010	1.740696	0.079743	-0.281226	3.877798	
0.000394	-0.183030	-0.246803	1.909895	1.773566	-0.008058	0.126782	1.920267	1.985574	2.072770	-0.342256	1.738854	-0.074876	-0.152453	4.002123	
-0.045349	-0.003871	0.168901	2.013189	2.011804	-0.218252	-0.298568	2.195255	1.812308	1.950477	-0.023861	2.015647	-0.220675	-0.398995	3.839665	
-0.292838	-0.011430	-0.367195	1.893452	1.988740	-0.139474	0.000439	1.926298	2.038200	2.058462	-0.084498	1.818993	-0.168860	0.300115	4.102563	
-0.084366	-0.265376	-0.085450	2.020338	1.841069	-0.019758	-0.336933	2.158227	1.779120	1.657732	-0.087915	2.025327	-0.151595	-0.227664	3.743065	
-0.243401	-0.003060	-0.108247	1.987125	1.994047	-0.454395	0.001162	1.655066	1.969422	2.070737	-0.074005	1.725825	-0.147795	-0.091615	4.116275	
-0.083058	-0.258554	-0.192544	1.591721	1.981976	-0.031062	-0.264859	2.156969	1.919588	1.861684	-0.411174	1.768725	0.015142	-0.023589	3.810308	
-0.418817	-0.146104	-0.378621	2.046455	1.964447	-0.353023	-0.322488	2.197790	1.827493	1.976129	-0.053463	1.923439	-0.176375	-0.006152	4.026391	
-0.287397	-0.379087	0.158844	1.931908	2.045592	-0.206809	-0.012182	1.732254	1.657012	2.017506	-0.253582	1.829376	-0.364898	-0.332072	3.809209	
0.041152	-0.223602	0.321923	1.970237	2.137199	0.402585	-0.181027	1.925717	2.365381	2.032069	0.042748	1.927739	0.011205	-0.745831	3.946949	
-0.051416	-0.098215	-0.116371	1.989543	1.471723	-0.230688	-0.022396	1.821350	2.107338	1.587068	0.031823	2.353294	-0.250766	-0.035121	4.478242	
-0.291702	-0.039291	-0.328244	1.573343	1.989084	-0.244483	-0.428528	2.090608	1.509446	1.593606	-0.060749	1.586765	0.427557	0.042713	4.154696	
-0.018806	-0.124015	-0.358055	1.869371	2.230910	-0.398656	-0.099214	1.982172	1.765310	1.953773	0.118431	1.961918	-0.399252	0.027628	3.769021	
0.117352	-0.231572	-0.004251	1.982759	1.850369	0.007108	-0.164757	1.686048	1.918857	2.078183	-0.113676	1.926808	-0.059264	-0.158757	4.094949	
-0.155409	0.024641	0.053532	2.012820	1.851660	-0.171803	-0.017014	2.043808	2.146825	1.979490	-0.295633	1.799393	-0.264538	-0.346943	3.744883	
-0.079936	-0.349660	-0.169975	2.035589	1.771958	0.058320	-0.187218	1.642580	2.013659	1.857753	-0.294171	2.265573	0.056966	-0.339408	4.371941	
-0.226514	-0.182376	-0.294204	1.690560	1.866112	-0.300064	-0.152692	2.131390	2.046284	2.045616	0.222872	1.762530	-0.007281	-0.020296	3.739223	
0.053192	0.024583	-0.067053	2.076820	2.148858	-0.295974	0.065669	2.113280	1.597647	2.142486	-0.095230	1.937044	-0.293607	0.138716	4.032036	
-0.152636	-0.295992	-0.184989	1.775377	1.718608	-0.018824	-0.353892	2.027528	1.943226	1.666042	-0.176902	2.026320	-0.145117	-0.245929	3.899234	
-0.252694	-0.194329	0.186026	1.721127	1.890586	-0.291363	0.092785	1.681965	2.087089	1.859363	-0.231515	1.969323	-0.159544	-0.259574	4.042256	
-0.084625	-0.099455	-0.238898	1.991296	1.938224	-0.064542	-0.147943	1.907028	1.983048	1.957302	-0.055716	2.084922	-0.291166	-0.157288	4.224604	
-0.065270	-0.085976	-0.009242	1.746413	2.064042	-0.201844	-0.256054	1.766223	2.088551	2.276917	-0.128185	1.713227	0.044886	-0.069744	4.115397	
-0.307149	0.152447	-0.530922	2.215107	1.744950	-0.379433	0.211012	2.059147	1.771756	1.287032	-0.296780	1.879561	-0.121667	-0.144961	4.108837	
-0.049327	-0.575022	0.067718	1.806193	1.760933	-0.029428	-0.478719	1.682439	1.756910	2.349279	-0.261501	2.004802	0.021490	-0.283052	3.760322	
-0.394398	0.209464	-0.075423	1.990206	1.966685	-0.003304	0.175585	1.938798	1.984369	1.699374	-0.277637	1.841066	0.038992	-0.267731	4.129415	
-0.018499	-0.232059	-0.116943	1.707751	1.955813	-0.285759	-0.104982	2.008065	2.009055	1.958206	-0.123298	1.959728	-0.103776	-0.068081	4.237146	
0.029138	0.066293	-0.007522	2.203668	1.829310	-0.059510	0.012590	1.981877	2.081251	1.857601	-0.062569	1.854920	-0.173817	0.045208	3.887905	
-0.128708	-0.286644	-0.464862	2.120366	1.801440	-0.179044	-0.153358	1.412021	1.769318	1.840377	-0.264774	1.847689	-0.005391	-0.458301	3.906784	
-0.046867	-0.619780	-0.196326	1.956430	2.141005	-0.072351	-0.213701	2.210234	2.031472	2.071556	-0.129480	2.030797	-0.113132	0.125313	3.894450	
-0.450661	-0.173716	-0.118769	1.787231	1.902964	0.059603	-0.260482	1.986135	2.027201	2.126209	0.047420	2.259325	0.097242	-0.077101	3.985128	
-0.035110	-0.192643	-0.047577	1.832767	1.735021	-0.540639	-0.009670	1.704442	1.810330	1.739732	-0.503767	2.135569	-0.479267	-0.261599	4.101433	
0.087131	-0.396250	-0.147181	1.919599	1.691472	-0.013383	-0.358387	1.903615	1.792774	1.887856	-0.082493	1.829708	-0.336273	-0.257929	3.974176	
-0.433468	0.146822	-0.016551	1.990996	1.855764	-0.040742	0.130258	1.974042	2.235266	1.932599	-0.212725	1.766438	-0.099448	-0.291608	3.815182	
-0.008543	-0.135968	-0.144122	1.917115	1.915592	-0.312368	-0.221881	1.918950	1.746754	2.015373	0.009876	2.243611	-0.177626	0.092539	4.160860	
-0.180114	-0.137129	-0.470666	1.728465	1.736592	-0.461464	-0.164326	1.939616	2.118576	1.693793	-0.390177	1.715922	0.041378	0.168560	3.843913	
-0.139361	-0.239822	-0.261773	2.004018	2.172807	-0.137992	-0.101079	1.941445	1.623954	1.767473	-0.045229	1.973399	-0.162472	-0.471050	3.794584	
0.101148	0.050120	0.179621	2.036967	2.050763	-0.073133	-0.046611	2.298437	1.924087	2.084328	-0.335176	2.026991	-0.327781	0.210263	4.006373	
-0.230952	-0.288642	-0.226326	1.953079	1.421088	-0.110074	0.034348	1.632397	2.223829	1.693585	-0.307346	1.827545	0.158249	-0.262425	4.181468	
0.065118	-0.539674	0.080909	1.962547	1.866467	0.003019	-0.317804	1.455582	1.866280	1.950126	-0.351349	2.177286	-0.229525	-0.053939	4.060304	
-0.312634	-0.010699	-0.101993	1.818950	1.900995	-0.258752	-0.405814	2.555604	2.233473	1.931426	0.110588	1.789209	-0.148254	0.120178	3.831983	
-0.259503	0.019762	-0.276128	1.934640	2.242892	-0.158305	-0.352200	2.107422	1.709833	1.790512	-0.042053	1.804518	0.182817	-0.416472	4.174855	
0.074341	0.088806	0.041968	2.318856	1.958064	-0.104815	0.284297	1.970644	1.963310	2.390585	-0.377566	2.035691	-0.124582	0.184476	3.788796	
-0.124429	-0.105352	-0.157879	2.129520	1.599082	-0.188245	-0.283923	1.725151	2.077351	1.936022	-0.023226	2.089998	-0.135937	-0.212855	4.005536	
-0.164916	-0.358627	0.087227	1.595077	1.767369	0.098567	-0.234429	1.696965	2.316162	1.820011	-0.418298	1.793844	-0.083076	-0.223048	3.822908	
0.091596	0.229482	-0.083634	2.020587	2.053778	-0.324234	-0.247659	2.164843	1.763201	2.008319	0.212085	2.040349	-0.273079	0.051410	4.099212	
-0.323324	-0.061615	-0.538668	2.035690	1.932396	-0.158957	-0.093862	1.942153	1.818976	1.981317	0.062773	1.902339	0.010385	0.135696	4.006007	
0.032510	-0.112563	0.069785	1.995002	1.596079	-0.257185	0.100747	1.947212	1.851368	1.915344	-0.494397	1.784106	-0.289820	-0.206567	3.976808	
0.094896	-0.143380	-0.155914	1.923704	2.130901	0.206400	-0.306219	1.868292	2.012651	2.115809	-0.052375	2.128291	-0.312208	-0.053947	3.855552	
-0.359179	-0.301942	-0.013272	1.668772	2.150415	-0.327458	0.048962	1.970149	1.952468	1.484357	-0.218369	2.099183	-0.053181	-0.538116	4.261842	
-0.067966	-0.183140	-0.302429	2.204741	1.677735	0.055821	-0.232116	1.699738	1.765069	1.984788	-0.275245	1.900977	-0.075844	-0.314266	3.655094	
-0.382447	-0.064836	-0.422527	1.950105	2.097842	-0.358652	-0.056057	2.022830	1.857040	1.768481	-0.372643	1.600492	-0.265958	0.073642	4.072646	
0.219502	0.038129	0.129734	1.879817	1.864795	-0.056157	-0.085385	2.309172	1.929994	1.952847	0.254123	2.092137	-0.102839	0.044196	3.960799	
-0.305255	-0.446006	-0.169872	2.131522	1.957753	-0.319387	-0.012614	1.507626	1.896420	1.917400	-0.191110	1.889158	-0.019803	-0.168235	3.979001	
-0.048465	0.078825	-0.335251	1.772615	1.813546	-0.289954	-0.152753	1.949452	2.007492	1.932131	-0.087071	2.098214	-0.335605	-0.416036	3.737378	
-0.329790	-0.255351	-0.048378	2.292935	2.009819	-0.296962	-0.599911	1.938282	1.792804	1.735541	0.166424	1.804336	-0.279645	-0.195403	4.235827	
-0.096268	-0.182740	0.089049	1.746410	1.854353	0.203418	-0.124830	2.118428	2.167927	1.938822	-0.230127	1.840613	-0.126642	0.102508	4.090658	
-0.075960	-0.153169	-0.223029	1.713439	1.913176	-0.024683	-0.206233	2.233184	1.840721	2.200231	-0.079946	1.947533	0.080439	-0.219107	4.010793	
-0.091315	0.029347	-0.340455	2.115044	1.939331	-0.252485	-0.343851	1.960817	1.675545	1.591026	-0.131379	1.968038	-0.221415	-0.192434	3.971670	
-0.136306	-0.318203	0.148961	1.688349	1.869049	-0.104541	0.056074	1.766204	2.100373	2.142409	-0.313397	2.062478	-0.297142	-0.115871	3.939004	
-0.052209	-0.200850	-0.385322	1.977385	1.722083	-0.127646	-0.202487	2.129424	1.724592	1.749333	0.082246	1.855783	-0.059131	-0.184364	4.051129	
-0.014772	0.041866	-0.090748	1.860649	1.939352	-0.217384	-0.187175	1.788144	1.957961	1.921773	-0.169668	1.950682	-0.287462	-0.214681	4.022097	
-0.457746	-0.134777	0.101129	1.806279	1.763391	0.030748	-0.075688	1.921183	2.014153	1.979166	-0.139422	2.064282	0.033939	-0.044651	4.119306	
-0.252150	-0.109269	-0.271368	2.057031	1.993791	-0.112928	-0.022672	2.023838	1.525806	1.667632	0.111670	1.905342	-0.211441	-0.136621	4.112145	
-0.008973	-0.078718	-0.217529	1.796792	2.178853	-0.289955	-0.262437	1.846702	2.187388	1.894682	-0.455222	2.037205	-0.187874	-0.311081	4.000744	
-0.206137	-0.404724	-0.274412	1.795588	1.577848	-0.236584	-0.228556	1.869973	1.586843	1.882288	-0.003861	2.138400	-0.461761	-0.063442	3.692494	
-0.281182	-0.339216	-0.093339	2.095768	2.065562	-0.024731	0.042699	1.726203	1.906270	1.864243	-0.283238	1.675647	0.038762	-0.193069	3.984357	
-0.131116	-0.089320	0.047911	1.855327	1.787147	-0.270810	-0.135127	2.044278	2.148701	2.150899	0.076215	2.110666	0.108788	-0.007721	3.795464	
-0.096884	-0.030772	-0.136952	2.029340	1.932443	0.164788	-0.221250	1.801559	2.144304	1.959364	-0.243684	1.940185	-0.088675	-0.030106	4.365203	
-0.289732	-0.098032	-0.053080	1.935741	2.055962	-0.192278	-0.029482	2.039900	1.750307	1.886352	-0.292371	1.840786	-0.217337	-0.323568	3.805890	
-0.041143	-0.172680	-0.202851	1.984229	1.878476	-0.313744	-0.433136	1.783716	1.605941	1.863855	-0.152331	1.891069	-0.193872	-0.094622	3.884076	
0.081690	-0.522683	-0.016836	1.716946	2.096228	-0.246628	-0.097057	1.691520	1.846968	1.839050	-0.081309	1.833377	-0.099629	-0.500323	4.234761	
-0.361420	-0.127871	-0.185505	1.696340	1.651693	0.064791	-0.273274	1.732987	2.216242	1.929486	-0.278021	1.946995	-0.350910	-0.234065	3.824389	
0.205729	-0.105979	-0.376274	2.034317	1.789100	-0.318785	-0.002533	1.752931	2.087715	1.853591	-0.205336	1.787058	0.124374	-0.100029	3.768425	
-0.231914	-0.184314	0.043846	2.106211	1.950225	-0.100362	-0.131411	2.234210	1.666796	2.034708	0.251971	1.874459	-0.226716	0.067407	4.283354	
-0.273150	-0.108368	-0.372956	1.946291	1.697864	-0.129885	-0.289444	1.941545	2.003017	1.840255	-0.099733	2.058276	-0.202074	-0.173931	3.938362	
-0.309123	-0.169357	-0.254731	1.588861	2.016546	-0.245669	-0.076207	1.598078	1.719727	1.923840	-0.385903	1.924639	0.056305	-0.224899	3.833866	
-0.117298	-0.202542	-0.020940	2.275537	1.626801	0.060236	-0.095959	1.866696	1.818515	1.689903	-0.069844	2.222102	-0.332218	-0.195520	4.047220	
-0.279359	-0.155817	-0.054425	2.080586	2.089479	0.114611	0.004137	2.015750	1.933084	2.031105	-0.114445	1.713881	0.019965	0.133395	3.798735	
-0.237987	-0.216641	-0.144800	1.749920	1.807223	-0.078131	-0.243431	1.998201	1.787814	1.856570	-0.008933	1.965047	-0.024025	-0.133306	3.962019	
0.106169	-0.023871	-0.265155	2.068442	2.024675	-0.370583	-0.176999	1.723177	1.849549	2.237548	-0.451580	1.640849	0.154397	-0.175854	4.045594	
-0.250394	-0.215102	-0.288942	1.836609	1.486620	-0.029565	-0.321835	1.812274	2.068182	1.492702	-0.208302	2.050570	-0.288415	-0.540711	3.961338	
-0.076010	-0.231418	-0.009683	2.305075	2.000514	-0.020204	-0.039770	1.746705	1.772183	2.068075	-0.312481	1.890531	-0.137516	-0.030937	4.028771	
-0.091541	-0.259717	-0.387751	1.813924	1.975925	-0.172733	-0.121462	1.804475	1.994817	1.915536	-0.083619	1.599173	-0.153710	0.018159	3.855939	
-0.219285	-0.068063	-0.138137	1.992341	1.948899	-0.134951	-0.242162	1.913202	1.686261	1.764981	0.058641	1.732076	-0.385375	-0.278999	3.933107	
-0.019376	0.061545	0.159880	1.739715	1.828386	-0.222576	0.250688	1.895280	2.001097	2.106183	-0.153954	2.045145	0.109002	0.222255	3.997540	
0.250436	-0.186371	-0.229731	2.259458	1.951084	-0.005244	-0.147394	1.963475	1.730000	1.956532	0.096499	2.035926	0.007496	-0.505285	4.043956	
-0.294253	-0.363355	-0.227036	1.962949	1.963823	-0.208269	-0.276125	1.857529	2.003285	1.971644	-0.491677	2.234793	-0.058221	-0.076198	3.757919	
-0.101390	-0.075281	-0.224412	1.912866	1.793381	-0.202951	-0.126138	1.875127	1.923504	1.689576	-0.228743	1.781614	-0.187939	-0.440413	4.226865	
-0.229052	-0.170328	-0.076444	1.669344	2.044798	-0.214033	-0.213026	1.833528	1.757619	1.926439	0.249264	1.728767	-0.067446	0.257169	3.918632	
-0.107057	0.066193	-0.111544	1.922016	1.772615	0.073901	0.038616	1.985477	1.753154	2.096257	0.041580	1.947339	-0.053830	0.013733	3.785390	
-0.072528	-0.191048	-0.167376	1.898386	1.895654	-0.342363	-0.243579	2.059056	2.018561	1.822805	-0.429741	1.861236	-0.094685	-0.524641	4.080878	
-0.269647	-0.177035	-0.608386	1.868056	1.947620	-0.271713	-0.099547	1.770745	1.802764	1.956964	-0.187903	2.071333	-0.196741	-0.296065	3.621315	
-0.236193	-0.440951	-0.118487	2.008345	1.753160	-0.142777	0.093296	1.843430	1.911408	1.595889	-0.411254	1.776954	-0.227239	0.080257	4.242799	
-0.241929	-0.053870	-0.189490	1.748154	1.817397	-0.170871	-0.220936	1.701861	1.935046	2.253908	0.226830	1.836179	-0.121425	-0.188215	3.755973	
0.015126	0.015358	-0.175281	2.128138	1.973922	-0.020963	-0.380872	2.078426	1.898816	1.587615	-0.211790	2.087467	-0.120395	0.008462	4.369131	
-0.418217	-0.085289	-0.109769	1.836522	1.772646	-0.122907	-0.173064	1.927438	1.826998	2.016175	-0.309115	2.091153	-0.224743	-0.171448	3.990962	
0.239261	-0.185362	-0.426570	1.952042	1.972407	-0.419862	-0.179885	1.957016	1.930357	2.004143	-0.071531	1.714036	0.090561	0.064734	3.908547	
-0.240339	-0.317870	-0.252788	1.932790	1.908281	-0.099861	-0.023297	1.766752	1.844121	1.916253	-0.188900	1.841842	-0.043496	0.001722	3.966048	
-0.251997	-0.139936	0.007230	1.818472	1.798350	0.145714	-0.359957	1.745061	1.983258	1.971680	-0.252390	1.979968	-0.357832	-0.312119	4.058617	
-0.344744	-0.184336	0.192816	2.024583	1.893529	-0.270847	-0.263977	2.058781	2.297180	1.568193	-0.023754	1.885454	-0.095953	-0.069978	4.113240	
0.115583	-0.097644	-0.195365	1.621131	2.027824	-0.373059	-0.084556	1.857610	1.833852	2.024160	-0.482575	2.130936	-0.141873	-0.117737	4.127160	
-0.228305	0.043668	-0.421314	2.044438	1.733518	0.066510	-0.149600	1.977608	1.607331	1.675352	-0.087164	1.796428	-0.162086	-0.111673	3.585078	
-0.121101	-0.451101	-0.125888	2.099903	2.037206	-0.288664	-0.307862	1.895297	1.533152	1.989747	0.006540	1.740765	-0.041317	-0.141605	3.890747	
0.032492	-0.199027	-0.373837	1.888461	1.849515	-0.070556	0.231001	1.858240	2.041964	1.932453	-0.394570	1.704250	-0.241429	-0.282178	4.128999	
-0.019491	-0.042217	0.252696	2.085292	1.770148	-0.273000	-0.588486	1.818756	1.977220	1.884748	0.027634	2.551883	-0.193432	-0.177628	4.075530	
-0.290368	-0.212984	-0.115575	1.799247	1.973142	0.036444	-0.080101	1.752886	2.056130	1.894130	-0.097389	1.532993	-0.231356	-0.036258	3.880629	
-0.004553	0.079990	0.014030	2.078831	2.176132	-0.193141	-0.326801	2.340608	1.784505	1.744303	-0.185335	2.117518	-0.392809	-0.103663	4.134575	
0.086711	-0.084976	-0.080118	1.811744	2.273726	-0.171299	-0.014489	1.717499	1.968811	2.263932	0.022244	1.855436	-0.137657	-0.143057	3.914824	
-0.095462	-0.516535	-0.235105	2.047419	1.501902	-0.013027	-0.082855	1.827509	1.594613	2.103980	-0.223534	2.030216	0.293452	-0.077697	4.234191	
0.167952	0.011553	0.049812	1.958543	2.086799	-0.134666	0.039045	1.971458	2.282885	2.087195	-0.377375	2.006340	-0.146686	-0.399845	3.878740	
-0.641392	-0.498445	-0.137946	1.939231	1.865641	0.011896	-0.276006	1.770072	1.957707	1.766722	-0.083868	2.055565	-0.170563	0.000553	4.163408	
-0.081918	-0.301442	0.027644	1.793334	1.489484	-0.338924	0.016532	2.112499	1.669838	1.897848	-0.533085	1.878285	-0.086507	-0.110057	4.197674	
0.089983	0.006710	-0.164309	2.001383	2.128254	-0.325360	-0.064382	1.799514	2.076488	2.129663	0.154112	1.901399	-0.079300	-0.269609	3.891200	
-0.184708	-0.161580	-0.276422	1.958254	2.038264	-0.205619	-0.148637	2.027864	1.785087	2.053436	-0.332505	2.124375	0.051576	-0.050110	3.681293	
-0.005038	-0.002014	-0.294213	2.066993	1.885548	0.128665	-0.170318	1.661951	2.053536	1.847406	-0.373740	1.828057	-0.127830	-0.527291	4.109118	
-0.398482	-0.149385	0.193659	1.700308	1.945226	-0.122375	-0.004753	2.289399	2.134345	1.869606	0.031206	1.964683	-0.062559	-0.149430	4.137059	
-0.043953	-0.312441	-0.092322	1.913586	1.987342	-0.091850	-0.449718	1.869418	1.735737	1.766380	-0.160240	2.051477	-0.475787	-0.060878	4.017567	
-0.659304	-0.455852	-0.094135	2.120446	1.877465	-0.004234	-0.002190	1.833464	1.688121	1.912407	-0.344666	1.455071	-0.105070	-0.052433	3.730737	
0.185014	0.026114	-0.273542	1.908789	1.936779	-0.070101	-0.299628	1.847125	1.935375	1.857426	0.148280	2.087228	-0.164492	-0.330843	3.785157	
-0.345069	0.031770	-0.247402	1.853243	2.111308	-0.028904	-0.081786	1.848531	2.038988	2.118653	-0.124824	1.993235	-0.011959	-0.138514	4.048060	
0.120527	-0.292968	-0.130663	2.244514	1.953398	-0.139957	-0.033601	1.997734	1.864525	1.776555	-0.236107	1.938074	0.122782	-0.314769	3.868923	
-0.278384	-0.227979	-0.208144	1.937120	1.596204	-0.241660	0.215433	1.828798	2.026425	2.056206	-0.145962	2.007010	-0.123093	0.042166	3.938407	
-0.200658	-0.023320	-0.212849	1.528428	2.031626	0.338359	-0.684614	1.923630	2.042867	1.839827	-0.190202	1.917444	0.102065	-0.426538	4.024524	
-0.368203	-0.212935	-0.381903	2.053890	1.911277	-0.248067	-0.157404	1.895098	1.858649	1.835175	-0.181245	1.564182	-0.623488	0.069339	3.909845	
-0.166648	-0.150967	-0.037093	1.770270	1.697553	-0.445446	-0.222365	2.033171	1.877429	1.863751	-0.230236	2.012590	0.018791	-0.096025	4.239694	
0.200470	-0.182490	-0.422811	2.067379	2.161809	-0.130661	-0.131571	1.707898	1.951706	2.058583	-0.017257	1.669871	0.052216	-0.273993	3.758040	
-0.051855	-0.237281	0.197687	1.873360	1.807294	-0.188460	-0.106383	2.027428	1.888417	2.071806	-0.259140	2.028656	-0.041735	-0.134964	3.924379	
-0.554194	-0.302398	-0.395015	1.710418	1.946438	-0.066612	-0.357737	1.907273	1.820361	1.615974	0.079402	1.751348	-0.169490	-0.299151	4.038278	
-0.195122	0.068773	-0.101762	1.842500	1.963270	-0.131463	0.010667	2.104372	1.885984	1.648808	-0.407318	1.819258	-0.203709	-0.487764	4.172737	
-0.070029	-0.345659	-0.199353	1.863882	1.518563	-0.159399	-0.290946	1.983049	2.170688	2.169294	-0.079709	2.222446	0.012040	0.229418	3.945232	
-0.017032	-0.060094	-0.005304	1.755440	2.163421	-0.295999	0.047180	2.022144	1.925987	1.875917	-0.193464	1.870135	-0.363902	-0.466536	4.031881	
-0.171784	-0.486817	-0.219052	2.082456	2.069513	-0.293253	0.029320	1.947205	1.753180	1.879024	-0.053845	1.801463	0.121086	0.057127	3.915304	
-0.356473	-0.064065	-0.356034	1.757605	1.906559	-0.373923	-0.257951	1.909454	1.803395	1.903239	0.006831	1.636917	0.003730	-0.106697	3.817564	
-0.129679	-0.077187	-0.107734	1.866401	2.140322	0.048434	-0.222963	1.774779	2.041724	1.877716	-0.348240	1.920333	-0.248072	-0.530084	4.022629	
0.058674	-0.547240	-0.001660	1.869227	1.785318	-0.070970	-0.087502	1.716532	1.935181	2.016112	-0.378780	2.125441	-0.446894	0.060644	4.440892	
-0.269994	0.017502	0.010531	1.776991	1.897445	-0.250004	-0.295175	1.774601	2.308443	1.846458	0.024219	1.972801	0.247138	-0.206474	4.170603	
-0.022522	-0.087838	-0.105313	1.954236	2.101068	-0.221615	-0.053363	2.367422	1.785877	2.006793	-0.081746	1.663637	-0.124537	-0.162045	3.760852	
-0.198681	-0.028930	-0.291594	2.030607	1.801302	-0.188255	0.121511	1.570544	1.613645	2.196776	-0.424117	1.856638	0.083983	-0.368145	3.538025	
-0.096781	-0.403788	-0.148526	1.809574	1.851595	-0.425296	-0.185565	1.799821	1.968590	1.877410	0.149271	1.715482	-0.205923	-0.027164	4.010019	
-0.109470	-0.028599	0.087153	1.971972	1.927902	0.307937	-0.082196	2.018801	1.984074	1.761929	-0.164005	2.108841	0.027567	-0.137641	4.090493	
-0.116394	0.115294	0.157957	2.143223	2.060307	-0.026724	0.044653	2.186988	2.144878	1.946930	-0.006180	1.976069	-0.257033	-0.117613	3.842496	
0.015367	0.222147	-0.329933	2.090900	2.037944	-0.339607	-0.423009	1.757458	2.019669	1.705170	-0.222109	1.766877	-0.535130	-0.183514	3.993748	
-0.303478	-0.574588	-0.051208	1.473132	1.831964	-0.243864	-0.071017	1.991757	1.828236	1.843601	0.046780	2.007480	0.133556	-0.026030	4.011753	
-0.150503	-0.030696	-0.578852	1.968017	1.811976	-0.283621	-0.042963	1.627282	1.757199	1.878972	-0.459526	1.309511	0.315358	-0.058165	3.896659	
-0.136641	-0.300129	-0.225470	1.985166	2.111994	-0.180188	-0.009879	1.849856	1.687146	1.887183	-0.191039	2.084537	-0.301922	-0.602974	3.943739	
-0.081061	0.055737	-0.064845	1.909175	1.796737	-0.032833	-0.380092	1.934291	1.966374	1.975271	-0.303190	1.860058	-0.240897	-0.234916	3.903541	
-0.085740	-0.348332	-0.308158	1.821939	1.986990	-0.038398	-0.531368	2.198252	2.108449	1.760464	-0.331673	1.789431	-0.413526	-0.040477	4.315712	
-0.127866	-0.229264	0.286120	2.047141	1.910513	-0.144737	-0.047926	2.053914	1.758414	2.197450	0.031080	2.232662	0.068626	-0.254527	4.100574	
0.002867	-0.219503	-0.439541	1.985842	1.773687	-0.150961	0.013193	1.652821	1.981768	1.931380	-0.032938	1.556819	-0.161084	0.028809	3.953300	
-0.328682	-0.278791	-0.021989	1.589964	1.705293	-0.269052	-0.377093	2.227390	1.762079	1.725994	-0.169451	1.889755	0.199463	-0.420141	4.148013	
-0.442466	0.088581	-0.054561	2.026593	2.181565	0.297565	-0.075981	1.846237	2.180751	1.775813	-0.103902	2.281073	-0.390234	-0.294462	4.044319	
0.124249	-0.232530	-0.182163	2.005831	2.071991	0.171600	-0.292142	2.057733	2.071513	2.230582	-0.244025	1.789873	0.042804	0.118258	3.720571	
-0.156836	-0.216685	-0.100417	1.835000	1.854963	0.001532	-0.140974	1.761541	1.915657	1.805425	-0.200998	2.041766	-0.375658	-0.218066	4.028664	
0.036758	-0.216913	-0.232795	2.067109	2.063293	-0.320992	-0.140885	1.675571	1.815155	2.084461	-0.308528	2.213317	-0.213270	0.016566	4.314703	
-0.129807	-0.197000	-0.087456	1.883303	1.745368	-0.203904	-0.234170	2.218520	2.023030	1.684278	-0.266918	1.710306	0.090919	0.372046	3.850617	
-0.015102	-0.185910	-0.139826	2.048763	1.840967	-0.119950	0.020090	1.684179	1.835577	2.109639	-0.134227	1.899619	0.017201	-0.602980	3.951484	
0.078573	0.105390	-0.183635	2.012476	2.013972	-0.317826	-0.081619	1.928682	1.921577	1.750314	-0.075985	1.899597	-0.174319	0.300979	4.140344	
-0.166438	-0.077697	-0.211788	1.948732	2.168913	-0.035257	-0.206196	2.000567	1.899155	1.900749	-0.229790	1.755325	-0.246768	-0.298722	4.126163	
-0.190933	-0.353192	-0.105213	1.627300	1.766318	-0.263495	-0.413301	1.960293	2.013148	1.720771	-0.027157	2.057191	-0.497608	-0.188604	3.801257	
-0.346526	-0.350502	-0.038376	1.979321	1.587147	0.016576	-0.059135	1.513174	1.976438	2.033786	-0.324540	1.736097	0.254205	-0.200369	4.163541	
-0.065829	0.114255	0.169916	1.929024	1.990500	-0.348769	0.107457	2.114710	2.124843	1.973408	-0.178838	2.157618	-0.268593	-0.188597	3.659987	
-0.150721	-0.057392	-0.260392	1.745789	2.100887	0.001328	-0.433803	1.948443	1.838938	1.909589	0.009659	1.898200	-0.232352	-0.062450	4.352304	
-0.140305	-0.258657	-0.311744	2.090161	1.909512	-0.111986	0.095444	2.144739	1.720982	1.968631	0.011921	1.744185	-0.102005	0.376228	3.460626	
-0.114235	0.050626	0.163768	1.970304	1.850224	-0.480032	-0.011595	2.207250	1.924663	1.550703	-0.270109	2.382980	-0.618439	-0.214703	4.348318	
-0.487909	-0.196150	-0.126811	1.723848	1.899357	0.021360	-0.265292	1.886469	2.216556	1.800788	-0.025680	2.084691	0.066548	-0.231164	4.216528	
-0.041728	-0.170611	-0.069513	1.724448	2.130591	-0.112775	-0.384418	1.907776	1.602050	1.922561	-0.325455	1.611546	0.001411	-0.188291	3.657599	
-0.007285	-0.246446	-0.132620	2.050120	1.638437	-0.496410	0.302991	1.863913	1.706936	2.110716	-0.147757	1.809230	-0.046825	-0.010682	3.861263	
-0.027465	-0.184712	-0.688344	2.034288	2.032730	-0.037701	-0.322871	2.044898	1.895302	1.931456	-0.081792	1.850741	-0.046653	-0.101393	3.940139	
-0.145361	-0.167802	-0.033350	2.118710	1.907891	-0.199331	0.049736	2.079058	1.895622	1.808451	-0.348450	1.910333	-0.347779	0.178525	3.675225	
-0.224895	-0.270936	0.262184	1.799398	1.748442	0.065812	-0.356101	1.623879	2.131573	1.780785	-0.090818	2.205798	-0.310499	-0.266918	4.179813	
-0.037641	-0.152120	-0.383504	1.989215	1.940777	-0.264323	0.023938	1.705714	1.607621	2.028735	-0.355282	1.761410	-0.036109	-0.316205	3.810855	
-0.201318	0.002280	-0.536619	1.862550	2.063475	-0.412449	-0.049132	2.021423	1.816832	1.725666	-0.119915	1.715200	0.030453	-0.036313	3.973481	
-0.135069	0.032512	0.087663	1.803582	1.851104	-0.005989	-0.155212	1.846197	2.031694	2.312521	-0.279269	2.080111	0.045790	-0.344633	4.206645	
-0.269426	-0.175309	-0.149351	2.015820	1.989567	-0.062108	0.121099	1.958697	1.971798	1.968957	-0.104725	1.889903	-0.403653	-0.051792	3.918351	
0.052514	-0.483799	-0.429397	1.852949	1.683452	-0.378377	-0.451169	1.929121	1.856218	1.810318	0.011265	2.020034	-0.113170	0.066591	4.035919	
-0.163741	0.058591	-0.007893	2.015729	1.952439	-0.101098	-0.060705	1.761451	1.933396	1.946495	-0.259658	1.583261	-0.513757	-0.249956	3.850445	
-0.148899	0.071844	-0.052667	2.015675	1.932523	-0.029865	-0.296966	1.710240	2.085240	1.914385	-0.135924	1.994775	-0.043188	-0.261387	3.997427	
-0.138245	-0.207595	-0.060267	2.007926	2.131287	-0.045813	0.228270	1.868982	1.901231	2.050780	-0.113582	2.054641	-0.078805	-0.268078	4.387430	
-0.044147	0.057592	-0.064690	1.890923	1.811870	-0.273903	-0.016656	2.270325	1.990728	2.009628	-0.191312	1.832325	-0.085710	0.090045	3.949237	
-0.302967	-0.481524	-0.436906	1.590247	2.013850	-0.264225	-0.335010	1.689797	1.574991	1.577133	-0.092069	1.777415	-0.107467	-0.086554	3.979238	
-0.010537	-0.181935	-0.064824	1.829138	1.738771	-0.042742	-0.094671	1.954258	1.883885	1.916993	-0.387644	1.743066	-0.344897	-0.305382	3.859550	
-0.159427	-0.456823	0.162492	1.948315	1.873039	0.128617	-0.270240	1.710021	2.012391	1.722813	-0.009048	2.109073	-0.137019	-0.075096	4.156687	
-0.195841	-0.176031	-0.495123	1.772792	1.950813	-0.108607	-0.129217	1.864552	2.110258	1.989628	-0.174338	1.934511	-0.059787	-0.142522	3.924460	
-0.001297	-0.170596	-0.085933	2.071648	1.591950	-0.063279	-0.049155	1.897474	1.688614	2.039179	-0.032615	1.867914	-0.102156	-0.221522	4.042610	
0.092574	0.159471	0.029458	1.835489	2.080475	0.132398	-0.256573	1.971857	1.980217	1.963452	-0.300084	1.928465	0.003651	-0.097144	3.648979	
-0.142608	-0.306894	-0.446038	2.155767	1.799047	-0.501253	0.051310	2.198708	2.004645	1.991976	0.132921	1.481944	-0.409840	-0.284031	3.997069	
-0.333649	-0.071283	0.189838	1.931903	1.860709	-0.037666	-0.141520	1.860724	1.782079	1.684087	-0.182854	2.011034	-0.365937	-0.016985	3.864763	
-0.248138	-0.336732	-0.381852	1.726129	1.875791	-0.517270	-0.337553	1.465422	1.924568	2.104399	-0.151783	2.159216	-0.109136	-0.488056	4.162518	
-0.201056	-0.130516	-0.097940	2.329211	1.668508	0.334026	0.036342	1.973716	1.936547	2.201347	-0.456161	1.979510	0.189504	-0.006299	3.933404	
-0.198678	0.134101	-0.102322	1.796752	2.352481	-0.247551	-0.060714	2.371521	1.904915	2.158546	-0.016393	1.784149	-0.168608	-0.193904	3.854295	
-0.390056	0.111494	-0.154840	1.864068	2.036616	0.168245	-0.459242	2.056659	1.807207	1.683607	0.098867	1.804404	-0.171708	0.016166	4.045618	
0.266193	-0.521166	-0.164727	1.712832	1.677117	-0.284976	0.130466	1.866927	1.907726	1.929369	-0.171031	2.192019	-0.207716	-0.148230	3.894588	
-0.161554	-0.017421	-0.333734	2.153799	1.698488	-0.249741	-0.341975	1.545508	1.967619	2.057441	-0.325865	1.606886	-0.104073	-0.126928	4.117487	
-0.069350	-0.354258	-0.082361	1.722196	1.841167	-0.309687	-0.184735	1.583632	1.853438	1.779701	-0.335412	2.088345	-0.052849	-0.161342	4.063491	
-0.076092	-0.074878	-0.388980	1.883458	2.073536	-0.197749	0.122519	2.237178	1.753666	1.969967	0.012162	1.900533	0.069342	-0.591908	3.797539	
0.024794	0.229776	-0.231474	1.937982	2.460926	-0.094788	-0.323328	2.170185	2.112488	2.074237	0.017806	1.782353	-0.005954	0.019560	4.055121	
-0.076581	-0.487623	0.144417	2.078580	1.827486	-0.261026	0.029980	1.890192	2.053108	1.852165	0.145809	1.933597	-0.395799	-0.124893	3.703802	
-0.134606	-0.263806	-0.190642	1.842100	1.564696	-0.124854	-0.068072	1.989481	1.984845	1.704323	-0.164034	1.889297	-0.169445	-0.182633	4.191038	
0.088815	-0.049804	-0.078298	1.909505	2.032295	0.063661	-0.313786	1.901204	1.860153	1.783527	-0.269470	1.925062	-0.268986	-0.264931	3.798773	
-0.187755	-0.506695	-0.097222	2.047583	1.893808	-0.101473	0.102176	1.857908	1.623955	2.101710	-0.240872	1.933833	-0.105157	0.211368	3.770350	
0.028194	0.008009	-0.397246	2.016703	2.069775	-0.447592	-0.275180	1.901533	2.158833	1.751102	0.147002	2.070105	0.033117	-0.154252	4.325159	
-0.407191	0.252831	-0.230017	2.012086	1.982310	-0.240433	-0.215560	1.970595	1.826891	2.080852	-0.158457	1.682216	-0.153767	-0.185622	3.693025	
-0.168028	-0.421689	-0.110158	1.974909	1.894912	0.018602	0.082679	1.593337	1.798523	1.866524	-0.310549	1.749493	-0.128765	0.064593	3.997546	
0.004793	0.016155	-0.144929	1.861981	2.090389	-0.165843	-0.226303	2.000643	2.017596	1.787585	0.203611	1.982035	-0.025361	-0.220769	3.742309	
-0.034443	-0.322211	-0.239563	1.929914	2.055390	0.027980	-0.383895	2.011209	1.633378	1.956114	-0.211657	1.832301	-0.192842	-0.133909	3.932179	
-0.061351	-0.067704	-0.005462	2.070531	1.983539	-0.144069	0.128846	1.777228	2.071554	2.121603	-0.373829	2.058335	-0.113315	-0.110970	4.017889	
-0.314924	-0.325324	-0.269131	1.893168	1.806300	-0.529031	-0.303487	1.917810	1.943554	1.816054	-0.133378	1.865794	0.130858	-0.381732	4.281461	
-0.339544	-0.048050	-0.078065	2.098017	1.982497	-0.054885	-0.300936	2.126231	1.682327	1.831688	-0.108356	1.871806	-0.293186	-0.008502	3.618195	
-0.300626	0.137648	-0.344909	1.910822	1.914043	-0.275603	-0.375598	1.776740	1.866147	1.765470	-0.038439	1.793246	-0.185518	-0.291310	3.980133	
0.059857	-0.433709	-0.090090	1.743495	1.794953	0.026811	0.005168	1.895497	1.890735	1.900471	-0.532801	1.565332	0.114909	-0.128691	3.977203	
-0.157638	0.112138	0.049881	2.156444	1.719525	0.096085	-0.037073	2.029573	2.064418	1.897013	0.052562	2.428313	-0.221456	0.060442	4.178598	
-0.223889	-0.134635	0.006694	1.932281	1.849218	0.002698	0.066547	1.905711	1.889012	1.855613	-0.211619	1.934734	-0.334517	-0.326926	4.000207	
-0.072298	-0.433623	-0.434104	1.661674	2.170637	-0.289740	-0.618815	2.036500	1.952040	1.767479	-0.377795	1.741444	-0.306403	-0.397540	3.820831	
-0.493807	0.023070	-0.238533	1.885292	2.008896	-0.063546	-0.111106	2.139559	1.874760	1.945474	-0.314309	1.956841	0.130542	0.266701	3.819283	
0.115976	-0.091754	-0.115090	2.118348	1.779555	-0.078984	0.065860	1.448054	1.826038	2.325845	-0.137900	1.947081	-0.207500	-0.247693	3.948504	
0.115337	-0.272832	-0.394073	2.038996	1.652934	-0.196669	-0.024090	2.089890	2.037256	1.854008	-0.076632	1.913701	-0.014384	-0.129062	4.053385	
-0.164760	-0.208311	-0.113897	2.117483	2.001447	0.108492	-0.206514	1.633031	1.988236	2.215334	-0.080060	2.083211	-0.443890	-0.116834	3.959680	
-0.253824	-0.232948	0.084928	1.609305	2.007961	-0.398575	-0.056504	1.864444	2.178478	1.850283	-0.323697	1.787988	0.248186	-0.125152	4.005873	
-0.248061	-0.108695	-0.426195	2.247529	1.796830	-0.101101	-0.249845	1.964200	1.830628	1.660787	0.072223	1.861802	-0.646308	0.097741	3.915619	
-0.190269	-0.223189	-0.183346	1.870364	1.512650	-0.013205	-0.251506	1.818334	1.579019	2.186175	-0.234339	2.244074	-0.304207	-0.014712	3.605419	
-0.115898	-0.197761	-0.202798	1.834480	2.010047	-0.280030	-0.094993	2.200734	2.096331	1.707681	-0.089772	1.602835	0.210566	-0.466455	4.143162	
0.104622	-0.205928	-0.001095	2.249102	2.267831	0.054851	0.097833	1.988790	1.911476	2.172016	-0.117718	2.074581	-0.031857	-0.061437	3.727717	
-0.107929	0.069996	-0.191233	2.161273	1.919155	-0.274995	0.121305	1.889187	1.883504	2.101762	-0.089194	1.986269	0.057061	-0.269222	3.925101	
0.093119	-0.081701	-0.243366	1.631613	1.777194	-0.111401	-0.280830	1.861457	1.893947	1.940030	-0.173627	1.805455	-0.099538	-0.164211	4.245293	
-0.462739	-0.444410	-0.057264	1.968528	1.909444	-0.337217	-0.230151	1.820191	1.924499	1.724394	-0.169436	1.860585	-0.652297	0.066973	3.768929	
-0.088893	0.044879	-0.228045	1.746322	1.945539	-0.048740	-0.529594	1.617877	2.148254	1.797257	-0.030926	2.047971	0.002099	-0.312464	4.090736	
-0.023584	-0.355668	0.002230	2.328794	1.769320	0.208891	0.423962	2.118901	2.024801	1.963946	-0.296069	1.951268	0.136921	-0.309688	3.923054	
-0.073436	-0.367271	-0.091091	2.086243	1.746626	-0.174144	0.085064	1.793936	1.646876	2.448233	0.000110	2.057919	0.071659	-0.210334	4.010233	
-0.226103	0.158942	-0.108210	1.776072	1.910345	-0.263007	-0.111715	1.874761	2.099882	1.789820	-0.139438	1.660200	-0.151679	-0.252603	3.998569	
-0.191022	-0.106415	-0.218237	1.840811	2.296394	-0.176659	-0.105902	2.160832	1.724370	1.664080	-0.112543	2.182498	-0.163188	0.285311	3.918998	
-0.150530	0.163615	0.054871	2.020590	2.122526	-0.022236	-0.514390	2.188801	2.249722	1.705040	-0.199242	1.833596	-0.196960	-0.205186	4.066561	
-0.185211	-0.374788	-0.137869	1.854085	1.899281	-0.055902	0.123182	1.575123	1.668434	1.795346	-0.420351	1.857188	0.026691	-0.022359	4.037908	
0.146370	-0.105395	-0.153232	1.957426	1.605580	-0.132547	0.104610	2.098305	1.980281	2.043498	-0.015881	1.878011	-0.139810	-0.269381	3.864685	
-0.331740	-0.020985	-0.258352	1.911302	2.086931	-0.183183	-0.223556	1.943816	2.012925	1.797709	0.066568	2.083964	-0.235105	-0.027046	4.060874	
-0.174219	-0.470463	0.056678	2.008221	1.712509	0.006217	-0.232235	1.728920	2.085225	1.833663	-0.380572	2.000434	-0.091905	-0.287869	4.035805	
-0.090905	-0.256295	-0.424854	1.753084	1.657670	-0.161192	-0.369076	1.648000	2.092892	1.912303	-0.215858	2.120556	-0.270672	-0.260348	4.107989	
0.069896	0.052320	-0.157039	2.044686	2.207041	-0.520014	-0.034300	2.097875	1.610298	1.936919	-0.032699	1.571093	-0.319232	0.053787	3.712653	
-0.540429	-0.093133	-0.119562	1.723670	2.084712	0.228806	-0.341429	1.890727	1.701308	1.761020	0.071016	1.871667	0.012580	-0.047841	3.953019	
0.125425	-0.136028	-0.179486	1.871466	1.689866	-0.451551	-0.035464	1.683030	1.998203	1.985387	-0.104646	2.039021	-0.238180	-0.196592	3.920970	
-0.186160	-0.371268	-0.050703	2.084661	1.860685	-0.213404	0.398788	1.753444	1.689497	1.931832	-0.594925	2.075192	-0.087383	-0.431196	4.330173	
-0.213581	-0.189641	-0.088733	1.635335	1.942379	0.262470	-0.472692	1.824330	1.978643	1.644556	-0.097371	1.924874	-0.065516	-0.105176	4.156848	
-0.120400	0.037273	-0.214153	2.025663	1.907957	-0.225955	-0.141762	1.894733	1.920541	2.150672	0.102530	1.970230	-0.334193	-0.381752	3.652664	
-0.346530	-0.165593	-0.190143	2.017260	2.095817	-0.369748	-0.080542	2.200530	1.890922	1.914060	-0.334757	1.764063	-0.022634	-0.048699	3.885134	
0.204044	0.008113	-0.160052	2.145620	1.748133	-0.171139	-0.158982	1.731836	2.019835	1.946282	-0.160825	2.119715	0.027281	-0.046456	4.017866	
-0.078772	-0.483958	-0.432854	1.790074	1.946029	-0.253319	-0.410986	1.880268	1.829777	1.989742	-0.129684	1.429019	-0.197846	-0.013416	3.709064	
-0.331344	-0.495565	-0.314075	2.068132	1.814062	-0.054430	-0.141316	1.842923	1.852746	1.876350	-0.482475	2.029395	-0.110632	-0.493243	4.071227	
-0.043746	0.231146	-0.057060	2.080328	1.905941	-0.137733	-0.039341	2.019395	1.809035	1.654845	-0.016705	1.943126	-0.485554	-0.244928	4.009525	
-0.203735	0.027957	0.152733	1.587394	1.918382	-0.199039	-0.303165	2.098502	1.773072	1.854469	-0.072728	1.811446	-0.237363	0.089173	4.168326	
-0.285803	-0.333702	-0.243476	1.951074	2.317608	0.024751	-0.101109	1.982108	2.087663	2.049787	-0.317167	1.771531	-0.186054	-0.310160	3.697669	
-0.035433	-0.223313	-0.168373	2.138037	1.757040	-0.227742	-0.028366	1.739568	1.821309	2.035880	0.088552	1.807764	0.026996	-0.091209	3.829329	
-0.202436	-0.036319	0.011156	1.905405	1.955856	-0.081305	-0.178079	2.201178	1.857485	1.868930	-0.307998	1.819530	-0.338296	-0.219778	3.975200	
-0.077481	-0.258238	-0.523237	1.934473	1.588844	-0.038481	-0.113367	1.665713	1.955012	1.967911	0.026808	2.252105	-0.265639	-0.077003	3.954140	
-0.183781	-0.293471	0.053409	1.696524	2.021208	-0.269056	-0.143338	1.946599	1.920893	1.851553	-0.230957	1.789196	0.122775	0.072404	4.016705	
-0.187026	-0.069715	-0.094287	2.075030	1.931398	-0.144967	-0.049647	2.001212	1.594216	1.996581	-0.026595	1.918207	-0.252910	-0.293811	4.020275	
0.048672	-0.174691	-0.185377	1.696490	1.948752	-0.103741	-0.190148	1.798393	2.156083	1.869650	-0.389089	1.843607	-0.069428	-0.158957	3.790892	
-0.160438	-0.386459	-0.139057	2.064582	1.520876	-0.118884	-0.254872	1.791016	1.958451	1.934372	-0.378402	1.939015	-0.211060	-0.157064	4.019022	
-0.000311	-0.216083	-0.273111	1.861731	1.791803	-0.214535	-0.145221	1.576487	1.845967	1.735520	-0.145589	1.860735	-0.026858	-0.022654	3.974845	
-0.268454	-0.096047	-0.028820	1.561244	1.932078	-0.290336	-0.080413	2.075615	1.724499	1.940454	-0.313818	1.938168	0.097195	-0.210482	4.168701	
-0.262919	0.171900	-0.089733	1.997500	1.964396	0.111865	-0.274557	1.807920	2.142219	1.682848	0.004216	2.029056	-0.341079	-0.314406	4.120099	
0.041198	-0.511389	-0.133376	1.619701	1.950127	0.046522	-0.193240	1.909802	2.018525	1.759545	-0.055060	1.806546	-0.415776	-0.099541	3.913354	
-0.245283	0.100158	-0.116300	2.175846	2.006440	-0.218750	-0.167185	2.057225	1.671683	1.870225	-0.085552	1.657255	0.091778	-0.092022	3.870643	
-0.220698	-0.328536	-0.399914	2.070193	1.727014	-0.311247	0.175500	1.840006	1.899402	2.247631	-0.226193	2.027294	0.076338	-0.191897	4.060348	
-0.060854	-0.179706	-0.089915	1.937977	1.897613	0.075057	-0.456696	1.779037	2.138440	1.939881	-0.341502	1.945098	-0.127887	-0.168026	4.004445	
-0.054456	-0.047428	0.092418	1.915644	1.874138	-0.066773	-0.172564	2.138791	1.833426	1.779302	-0.276701	2.030757	-0.468503	-0.327866	4.031506	
-0.363775	-0.053232	-0.053863	1.578078	2.246010	-0.195370	-0.392572	1.988556	2.087155	1.842751	-0.025844	1.895185	0.060114	0.003158	3.984458	
-0.282296	-0.218491	-0.364394	2.073508	1.834859	-0.172761	-0.264342	1.903334	1.761224	2.171996	-0.179341	1.608252	-0.128111	-0.068309	4.007660	
0.026654	-0.188350	-0.353780	2.083468	1.626221	-0.079655	-0.045075	1.605498	1.914779	2.065078	-0.160149	1.856711	-0.662742	-0.058073	3.980794	
-0.173614	-0.229872	0.014736	1.910641	1.778572	-0.042003	-0.302876	1.785875	1.842634	1.825177	-0.308214	1.842796	0.025905	-0.320810	3.867609	
-0.190179	-0.074888	-0.091010	1.943675	1.915610	-0.010079	-0.018886	1.881993	1.990054	1.972935	-0.060308	2.173667	-0.359153	0.014612	4.352682	
-0.233822	0.139214	-0.057307	1.906276	1.919934	-0.273226	-0.022849	2.228077	1.987749	1.900855	-0.055643	1.964909	-0.120625	0.091702	3.909040	
-0.160572	-0.273144	-0.189056	1.823721	2.023656	-0.022456	-0.234716	1.701711	1.977007	1.677283	-0.152618	1.867096	-0.304196	-0.284715	3.828808	
-0.101957	-0.401105	-0.076240	2.222455	1.496268	-0.558945	-0.094007	1.896551	1.597049	2.182413	-0.205499	1.552770	-0.292939	-0.112396	3.690404	
-0.030713	0.004158	-0.387459	1.783848	1.748629	-0.310280	-0.432440	1.521353	1.967973	2.037618	-0.155700	1.743365	0.175960	-0.322462	3.891279	
-0.187155	-0.215506	0.165930	1.701499	2.065641	0.382140	-0.260424	1.883505	2.017379	1.666908	-0.337630	2.158046	-0.478263	-0.077747	4.233836	
0.156530	0.130021	-0.149125	1.821123	1.956303	-0.560414	-0.160196	1.808757	2.315848	1.878284	-0.079086	1.857495	-0.362462	-0.316481	3.960053	
-0.334008	-0.204395	-0.401385	1.797155	2.008654	-0.065259	-0.196170	2.037280	1.412107	1.650651	-0.007776	1.745573	0.151462	-0.106846	3.945253	
-0.338689	-0.196170	-0.037988	2.110660	1.994121	-0.393962	0.382894	2.101809	1.841277	1.650284	-0.159386	2.054982	-0.258394	0.116488	3.832630	
0.038741	-0.102027	-0.202783	2.304506	1.915924	-0.123793	-0.030406	2.093204	1.928722	2.386126	0.010896	1.935546	-0.099374	-0.088430	4.031695	
-0.225859	-0.218635	-0.050033	1.666952	1.997605	-0.119256	-0.451949	2.039188	1.955225	1.582750	-0.171568	1.748189	-0.269213	-0.037341	4.187206	
-0.082912	-0.124365	-0.198605	1.936448	1.922441	-0.232574	-0.036863	1.610645	1.905697	1.874511	-0.366057	2.172327	-0.098258	-0.426056	4.045124	
-0.338839	-0.231562	-0.121618	1.523524	2.078590	-0.089373	-0.192831	2.039034	2.073582	1.859096	-0.006791	1.641913	0.085676	-0.069401	3.901655	
0.144243	-0.366625	-0.083661	2.089091	1.866586	-0.011931	-0.083885	1.681942	1.782808	1.831404	-0.222199	2.068028	-0.310073	-0.132964	4.300624	
-0.134254	0.188781	-0.165259	2.197055	1.585790	-0.084029	-0.026801	1.983589	1.985359	2.119970	-0.246759	1.809232	-0.326552	0.207010	3.809638	
-0.075750	-0.407985	-0.317392	1.813358	2.109466	-0.053552	-0.163598	1.986526	1.728099	2.020661	-0.146676	1.542859	0.089440	-0.298235	3.705674	
-0.141704	-0.039553	0.038036	1.884841	2.094608	-0.154812	-0.047550	1.768198	1.906755	1.781406	-0.523761	2.039987	-0.397176	-0.218918	3.861294	
-0.067555	-0.186929	-0.273501	1.967132	1.807485	-0.028088	-0.175020	2.046233	1.807632	1.772130	0.263364	2.205582	0.071718	-0.064271	4.168420	
-0.260563	0.036295	0.070643	2.106111	2.073613	0.141871	-0.421226	1.952858	2.105093	2.009602	-0.010553	1.842932	-0.365021	-0.044609	3.797635	
-0.210292	-0.317206	-0.176115	1.851498	1.619616	0.105117	0.046315	1.703758	1.924663	1.854712	-0.204833	2.046149	-0.118550	-0.478547	4.174178	
-0.155498	-0.168187	-0.077046	2.112512	1.831281	-0.151008	-0.142040	2.074338	1.899179	1.856227	-0.211231	1.601440	-0.188194	-0.307459	3.836366	
-0.282111	-0.013359	-0.215786	1.853477	2.247786	-0.458460	0.112284	1.668447	1.781953	1.844495	-0.201149	1.761872	-0.245178	-0.286481	3.748936	
-0.190178	-0.227700	-0.150703	1.732727	2.128604	-0.055079	-0.304648	2.276010	2.226999	1.806175	0.343804	2.135822	-0.128381	-0.092732	4.000465	
-0.494818	0.098137	-0.217259	1.961063	2.115728	-0.151967	0.015534	1.770077	1.850509	1.889162	-0.509240	1.644456	0.012937	-0.115540	4.129930	
0.253698	-0.332245	-0.066563	1.869465	1.875920	-0.284535	-0.210328	1.818498	1.996378	1.982849	-0.103263	2.080238	-0.430064	-0.053080	3.864006	
-0.051221	0.117030	-0.394436	2.086859	2.092513	-0.252900	0.163911	2.083001	2.055269	1.864665	0.062739	1.734886	-0.108413	-0.084365	3.944906	
-0.096899	-0.067981	-0.151396	1.873893	1.983218	-0.547193	-0.249785	1.626329	1.707803	2.022918	-0.368508	1.760895	-0.143430	-0.030726	3.995921	
-0.479128	-0.093791	-0.379419	1.696044	1.711365	0.241612	-0.475654	1.636736	1.809365	1.719548	-0.289956	1.776054	-0.200692	-0.095333	4.166501	
-0.083287	0.079119	0.067122	2.040611	1.782040	-0.142344	0.358053	2.174229	2.145459	2.072077	-0.050543	2.328470	-0.020815	-0.117106	4.019761	
0.108375	-0.092456	-0.385243	1.931938	2.116682	0.079313	-0.187513	1.773706	1.897125	2.084812	0.060496	1.727807	-0.007476	-0.250510	3.940412	
-0.248004	-0.284317	0.227454	1.886132	1.876031	-0.388050	-0.126137	1.858896	1.934900	1.866819	-0.381684	1.952792	-0.122814	-0.034576	3.956870	
-0.079994	-0.407227	-0.066693	1.687167	1.650763	-0.001917	-0.357977	1.802032	1.796161	2.028798	-0.245733	2.024080	-0.343017	-0.171438	4.269895	
-0.053107	0.007152	-0.256151	2.296761	1.853274	-0.453602	-0.001730	1.871545	2.025105	1.801302	-0.007691	1.926094	-0.009509	-0.119864	3.961437	
-0.193356	-0.002414	-0.234182	1.902166	1.959181	0.157355	0.015934	2.146892	2.101123	1.989530	-0.062489	2.127131	-0.148249	0.041634	3.778300	
-0.272942	-0.123765	-0.117727	1.913505	2.269018	-0.006403	-0.322182	1.779788	1.899101	1.834851	0.036451	1.599902	0.006520	-0.143546	3.944933	
-0.250928	-0.070577	-0.292223	1.978397	1.776239	-0.289811	-0.228687	1.914830	1.721353	1.624103	-0.106790	2.095783	-0.532044	-0.306171	3.909356	
0.070439	-0.369244	-0.041241	1.740363	1.916491	-0.298995	-0.127435	1.880460	2.099640	2.091462	-0.389604	1.775820	-0.092406	-0.026940	4.092024	
-0.240927	-0.213346	-0.116891	2.038081	1.530602	-0.171075	-0.059919	1.836560	1.641584	1.896509	-0.132447	2.069886	-0.081369	-0.460135	4.149198	
0.066105	-0.045516	-0.430736	1.732631	2.109943	0.129488	-0.226989	2.011291	2.150759	1.890634	-0.164098	1.731680	-0.085232	-0.028706	3.689955	
-0.261921	-0.026183	-0.201838	2.076992	1.911115	-0.485683	-0.065711	1.827311	1.719356	1.922401	-0.104038	1.867885	-0.294473	-0.223998	4.015623	
-0.071386	-0.351950	-0.042820	1.642892	1.888005	-0.008346	-0.276358	1.858742	2.014776	1.891235	-0.303856	1.931321	-0.192002	-0.410511	3.921912	
-0.149153	-0.492699	-0.155893	1.812471	1.839624	-0.067867	-0.238245	2.039837	1.689115	2.010646	-0.258971	1.859001	0.031148	0.099412	3.907917	
-0.032769	0.088006	0.004257	1.965320	1.924864	-0.177542	-0.151965	1.672812	2.082518	1.949061	0.110243	1.910564	-0.133685	-0.394721	4.050679	
-0.096513	-0.173614	-0.376979	1.925330	1.899757	-0.086960	0.049545	2.295025	2.031483	1.788506	-0.267785	1.871277	-0.034096	0.067443	3.862435	
-0.197735	-0.285439	0.203593	1.740145	1.830183	-0.289631	-0.217071	1.602293	2.076977	2.031935	-0.141653	1.861951	-0.261251	-0.038690	4.057059	
-0.310956	-0.309942	-0.344328	1.690736	1.751174	-0.263480	-0.057696	1.508720	1.827223	2.103577	0.065378	1.922855	-0.023428	-0.455644	3.907593	
0.139733	-0.274708	-0.104032	1.822428	2.025140	-0.148655	-0.232700	1.927715	1.709144	2.052113	-0.071289	1.864821	0.010339	-0.093548	3.962279	
-0.099517	0.412326	-0.196427	2.220812	1.968526	-0.535510	-0.054829	2.403869	1.987608	1.840905	-0.151231	1.733677	-0.109125	0.074025	3.899755	
0.036885	-0.106897	-0.136356	2.063662	1.870606	-0.030442	-0.006124	1.733186	2.015063	1.993803	-0.188351	2.052497	-0.098563	-0.215097	3.922381	
-0.501133	-0.632093	-0.430707	1.808068	1.712700	0.126677	-0.427345	2.083755	2.007884	1.994958	-0.040069	2.248066	-0.154438	0.035580	3.962302	
