256.000000
0.000149
0.012387
0.218344
0.295446
0.355998
0.207383
0.280402
2.116775
1.607086
0.018370
0.015859
0.007695
0.050826
0.060575
0.035675
0.286186
0.627083
0.317036
0.243951
0.021876
0.028098
0.014000
0.023194
0.117014
0.075894
1.311745
1.291321
0.114970
0.707269
0.064781
0.148414
0.131553
0.133165
0.069122
0.089993
1.739178
1.967680
0.031764
0.584303
0.065280
0.125866
0.172572
0.209307
0.056694
2.302741
4.764880
0.161620
0.550222
0.355442
0.026397
0.225154
0.188219
0.428057
0.407112
2.192853
4.487851
2.181569
0.224046
0.017330
0.268024
0.694363
4.409253
1.885724
5.072946
0.229471
1.202127
0.118820
0.323440
0.468573
0.162384
2.796328
2.015177
0.245946
1.627394
0.487755
0.050241
0.268295
0.062830
0.256885
0.061094
0.681841
0.376789
1.787300
0.068572
0.237434
0.371037
0.405854
0.812816
0.373890
0.970347
0.074313
1.254752
0.482068
0.271381
0.589304
0.119805
1.830754
0.053208
0.232338
0.029483
0.006891
0.005995
0.013078
0.074489
0.442579
0.035126
1.807700
0.443925
1.078310
0.012128
0.002601
0.059538
0.274867
0.248530
0.003359
0.067317
3.158249
1.104802
0.838412
0.031775
0.089040
0.062215
0.074666
0.039124
0.158122
0.008015
3.134300
0.054568
0.334968
0.009807
0.275371
0.005932
0.045747
0.534687
0.174992
1.289043
1.904577
0.512146
0.374459
0.110106
0.018142
0.283946
0.926333
0.406937
0.467697
1.007596
0.868240
0.029889
0.539083
0.142772
0.296690
0.349569
0.393364
1.358919
1.632879
0.603953
0.500583
2.188823
0.294871
0.678649
0.272445
0.069823
2.188248
0.683348
0.733135
0.308352
0.057729
0.510343
1.393334
1.264861
10.667172
0.180968
7.600618
0.132769
0.314579
0.614717
1.432184
0.563344
0.794382
2.130677
2.562219
0.598293
0.024906
1.903347
0.884807
0.180237
0.479350
0.980845
3.256579
0.121268
0.995691
0.897211
0.152465
0.155888
1.167565
0.132746
0.024330
0.371538
0.918873
0.057071
0.019448
0.009480
0.212734
0.518484
0.056229
0.042209
5.904736
3.475824
0.613016
0.035667
0.026093
0.014895
0.204872
0.109070
0.647026
2.885323
0.384928
1.467466
1.092181
0.033671
0.146638
0.115248
0.332742
0.104521
0.023241
3.279448
2.772244
0.243944
1.199587
0.012204
0.044366
0.011969
0.544337
0.339398
0.278034
1.847125
6.032337
0.748978
1.076716
0.102911
0.034207
0.022096
0.582391
0.484511
4.047674
0.475474
0.051385
3.662778
2.030257
0.233808
0.332912
0.183392
0.593361
3.679870
1.183075
0.918692
2.613078
0.553754
0.133100
0.090519
0.312565
1.227304
2.767915
1.335897
0.843314
0.845945
1.639387
0.098424
3.349501
0.806282
1.203878
6.147217
0.231548
0.276192
0.428475
0.164524
0.321494
3.483489
1.031280
2.359427
0.122767
0.856691
0.374293
2.643316
0.631055
0.079791
0.013205
0.880090
0.295466
0.956759
0.837558
0.157736
0.861900
0.036305
0.067462
0.128830
0.648924
0.016800
0.325491
0.021770
0.035708
0.118440
0.145362
0.346044
0.808025
0.352442
1.696223
1.849864
1.263013
0.004800
0.023672
0.080499
0.156359
0.648523
0.096412
1.294953
3.143119
0.238312
0.412917
0.052948
0.296216
0.021655
0.357739
0.341415
0.087492
0.095218
2.148809
2.320554
0.036419
0.064671
0.150899
0.049800
0.463541
0.374821
0.507549
0.449516
2.189488
0.984806
0.091691
0.130760
0.804603
0.042500
0.047262
0.825225
0.373555
0.641863
0.452353
2.005606
0.648641
0.479839
0.186734
1.602940
0.615040
3.472214
3.282725
1.874636
0.407247
0.320951
0.769374
1.210361
1.502573
4.699823
0.874427
3.567231
1.928043
0.379140
0.117111
0.596304
0.107969
0.548417
0.316391
4.976321
3.761793
0.336517
0.340312
0.101112
0.000573
2.366294
0.361066
0.107161
1.073437
0.889829
1.212329
1.711676
0.166187
0.616941
0.264085
0.088188
0.915558
1.128154
1.283088
3.128338
0.024877
0.129316
1.693070
0.581421
2.942265
0.381941
0.190536
0.063486
0.045392
0.008707
0.060167
1.371008
0.652012
0.618669
0.071790
0.111960
0.813861
0.077692
0.020269
0.209966
0.054994
0.147720
3.949206
1.496468
0.532570
0.030613
0.285990
0.081833
0.073187
0.103369
0.305144
0.414167
1.638138
1.640105
0.004571
0.479444
0.020257
0.340116
0.172341
0.394307
0.041651
1.307805
1.589788
0.304460
3.170570
0.232107
1.087786
0.033793
0.507392
0.028288
0.843676
2.397514
0.563585
0.065724
0.184662
0.521755
0.782068
0.044731
0.528574
0.010498
6.066008
0.017618
2.132629
1.676252
0.069559
0.139203
0.116225
1.781992
4.956602
1.719094
1.780530
0.068575
0.569934
0.185523
0.534994
0.393788
1.393434
1.413719
1.594851
0.037480
0.327099
0.045660
0.241005
0.065908
0.618479
0.114479
0.619134
0.160735
1.787222
0.139807
0.534159
1.170913
3.309174
0.668093
5.092382
1.693378
0.285224
0.129598
0.652764
0.270662
0.387125
0.399050
0.504500
0.853361
0.389533
0.463146
0.014047
0.086539
1.118126
0.162007
0.615265
0.217240
3.781662
0.917524
1.078133
1.659380
0.644608
0.043674
0.166706
0.024879
0.077720
1.158655
2.654331
0.576603
0.359227
1.581953
0.441711
0.426307
0.151744
0.872235
0.118206
1.091820
3.218705
0.604841
1.001330
0.667827
0.505832
0.349617
1.914957
0.292959
4.073587
3.836329
2.646341
3.615923
0.157327
0.501913
1.598430
0.108291
3.179511
0.042791
2.570814
0.380117
0.866959
0.128553
0.371631
2.622514
0.140084
2.975813
7.943405
1.767707
2.581896
2.931552
0.970970
0.011324
0.541948
0.783382
1.210974
0.123491
1.745147
4.498163
0.619944
0.408522
1.468097
0.116251
0.065936
0.483434
2.457675
0.856791
0.269331
0.018332
0.207818
0.026756
0.902533
3.620778
0.767850
0.490969
0.410006
0.009209
0.001475
0.166544
2.530288
0.262180
0.453053
0.294840
0.512298
0.042105
3.475889
0.615334
0.064679
2.942874
1.126985
0.244696
0.488138
0.612530
0.014747
0.551042
1.165809
0.080429
0.109672
0.213674
0.925203
3.990046
6.897185
0.228883
2.018862
0.132300
1.635446
0.787120
0.011989
0.010984
4.385628
0.310326
0.229849
0.525836
0.767993
0.004610
0.742291
1.669345
0.031406
0.031151
1.104576
0.704180
3.759249
2.241646
0.434859
1.052977
0.037129
2.608595
5.845756
3.492509
1.399282
2.962189
2.538753
0.337369
0.692322
1.574141
0.897263
2.664427
1.779304
1.709160
0.483318
0.837469
1.218131
1.876464
1.453709
1.843253
0.349067
0.391754
0.687510
0.914243
0.778164
0.339004
0.697216
0.750597
0.481918
0.054231
0.202552
0.096854
0.323791
0.254152
0.160314
1.079414
0.422973
0.922134
0.803434
0.817253
1.403062
0.171369
0.220671
0.218556
1.556953
1.362972
1.212992
0.108949
3.857508
0.541706
0.063500
1.554688
0.199292
3.132700
0.026707
0.025296
0.626363
0.405464
1.061226
1.384653
0.780063
0.352246
0.670119
0.069438
0.051330
0.152705
0.181276
2.268825
0.226429
1.900859
0.251015
1.324975
2.138596
4.565477
0.206629
1.482945
0.497841
0.352704
0.281944
0.376034
1.431833
3.366325
0.046473
4.026083
6.080224
0.196703
2.330006
1.533412
0.729623
0.844249
0.795766
0.411934
1.377924
0.274050
1.031320
1.561555
0.253961
0.570210
0.491973
0.725997
1.520631
1.570412
2.889882
1.040609
0.271874
0.189565
1.669985
1.914106
0.924095
0.705456
1.049056
3.121268
1.237143
0.567434
0.211545
0.266720
0.213046
0.033234
0.019528
0.715759
0.108959
1.068379
0.199880
0.290661
0.669432
1.291412
0.197475
0.066113
0.084786
0.154206
9.521667
0.306864
0.213179
1.707582
1.275245
0.770673
0.357640
0.941546
0.018845
1.552799
0.333402
0.627769
0.943005
0.842629
0.299478
0.798540
0.546903
0.710314
0.061579
0.126847
1.109724
0.193950
0.254354
0.306460
0.305414
0.122671
2.186072
0.292428
2.052692
1.071842
1.409699
1.224554
1.039003
0.728682
1.041036
1.203722
0.807426
3.297561
0.566012
1.673003
0.265984
1.782488
0.826920
1.837992
0.035887
0.811122
0.168299
0.443099
0.161392
0.480877
1.312634
1.035215
2.600082
3.644669
0.719374
0.155119
0.003420
1.968904
0.276024
1.147795
0.485497
0.330699
0.863538
0.226361
0.191708
0.101722
0.964416
0.536344
0.870404
2.644797
0.107199
1.321179
2.409614
0.904749
0.641183
0.051580
0.030632
1.771196
0.011736
0.869114
0.718514
1.583125
0.602762
0.109406
0.961020
0.983078
0.487315
0.399382
0.413197
0.309667
0.855281
0.160707
0.281318
1.454497
0.702841
0.102819
0.482364
0.577847
1.510934
0.442291
0.618613
0.520960
2.338735
0.400106
0.920422
0.127718
0.265150
0.531059
0.892778
0.337573
3.995679
1.039446
0.105873
1.065520
1.131160
0.010216
0.020138
2.307551
0.068598
2.927847
0.325468
2.268185
1.562340
0.452624
1.285854
3.890229
0.616121
0.084485
1.524429
0.265357
1.124558
1.247975
0.394959
0.325949
0.468467
1.052503
5.358237
0.757025
0.623051
1.007774
0.576492
0.557221
2.024243
1.876223
0.222910
0.314517
0.129704
0.470233
0.998458
0.091509
0.917493
0.531081
0.195333
0.143698
0.289848
1.015687
0.056820
0.329464
0.314007
0.771115
1.315110
0.138723
1.389497
0.290427
0.255270
0.901012
0.202671
0.062974
0.796571
1.039276
0.380224
1.233632
0.042243
1.016298
0.604538
1.380478
0.424401
3.224956
0.140643
0.878411
0.523451
0.135954
0.202238
0.780708
0.111386
0.937998
0.120190
1.226990
0.399397
0.117367
1.468620
0.206121
0.105389
1.349250
0.162262
0.992653
0.402852
0.385190
1.431534
3.160271
1.134376
0.729550
1.244950
1.909564
1.427160
0.167218
0.034469
1.301010
4.785635
0.888602
0.266342
0.062089
0.198208
0.103052
1.016786
0.593428
0.561904
0.439072
0.753635
0.873588
0.282552
0.113778
0.743197
1.672456
0.590978
2.358556
1.299665
0.843187
1.962792
2.124510
0.326374
0.225086
0.841395
2.487800
0.723661
1.207232
0.917023
3.330215
1.112806
0.433163
1.438429
