0.005000	0.008392	-0.025414
0.010000	0.008759	-0.024183
0.015000	0.008276	-0.096215
0.020000	0.007830	-0.118893
0.025000	0.006895	-0.221498
0.030000	0.005500	-0.249961
0.035000	0.004296	-0.281430
0.040000	0.002997	-0.263820
0.045000	0.001806	-0.172742
0.050000	0.001100	-0.088585
0.055000	0.000405	-0.108488
0.060000	-0.000528	-0.141966
0.065000	-0.000805	-0.074327
0.070000	-0.001231	-0.109942
0.075000	-0.001720	-0.138164
0.080000	-0.003239	-0.289298
0.085000	-0.005213	-0.349943
0.090000	-0.006977	-0.435918
0.095000	-0.008726	-0.354808
0.100000	-0.010318	-0.215850
0.105000	-0.011961	-0.253589
0.110000	-0.013004	-0.209148
0.115000	-0.013624	-0.101984
0.120000	-0.014100	-0.185045
0.125000	-0.015118	-0.174090
0.130000	-0.015756	-0.123682
0.135000	-0.015844	-0.005011
0.140000	-0.016323	-0.125720
0.145000	-0.016817	-0.059453
0.150000	-0.017159	-0.136161
0.155000	-0.017701	-0.168451
0.160000	-0.018301	-0.074921
0.165000	-0.018117	0.064428
0.170000	-0.017857	0.055397
0.175000	-0.017483	0.117643
0.180000	-0.016361	0.391507
0.185000	-0.014220	0.366467
0.190000	-0.012131	0.424647
0.195000	-0.009846	0.392420
0.200000	-0.008082	0.305531
0.205000	-0.006263	0.455769
0.210000	-0.003942	0.496822
0.215000	-0.001430	0.384509
0.220000	0.001090	0.582033
0.225000	0.003753	0.416791
0.230000	0.005351	0.293728
0.235000	0.007202	0.260052
0.240000	0.008068	0.149710
0.245000	0.009429	0.225339
0.250000	0.010529	0.242738
0.255000	0.011691	0.323659
0.260000	0.013290	0.285919
0.265000	0.014932	0.274317
0.270000	0.015929	0.276642
0.275000	0.016974	0.114720
0.280000	0.017516	0.066272
0.285000	0.018085	0.031646
0.290000	0.018222	-0.034131
0.295000	0.017686	-0.099106
0.300000	0.017671	0.107655
0.305000	0.017904	-0.064743
0.310000	0.017579	-0.125710
0.315000	0.016804	-0.132003
0.320000	0.016185	-0.086086
0.325000	0.015866	-0.057819
0.330000	0.015541	-0.081386
0.335000	0.014824	-0.141790
0.340000	0.014647	-0.046647
0.345000	0.014406	-0.077501
0.350000	0.013622	-0.152004
0.355000	0.013294	-0.169998
0.360000	0.011738	-0.284770
0.365000	0.009869	-0.477542
0.370000	0.007657	-0.261547
0.375000	0.006434	-0.273100
0.380000	0.005218	-0.250818
0.385000	0.003730	-0.203279
0.390000	0.001899	-0.292108
0.395000	0.000509	-0.373961
0.400000	-0.001364	-0.317946
0.405000	-0.002566	-0.150356
0.410000	-0.003162	-0.073447
0.415000	-0.003423	-0.042356
0.420000	-0.003364	0.023499
0.425000	-0.003483	0.084967
0.430000	-0.002977	0.153763
0.435000	-0.002392	0.087296
0.440000	-0.002304	0.003835
0.445000	-0.002259	-0.035232
0.450000	-0.002505	-0.102612
0.455000	-0.003416	-0.124575
0.460000	-0.004172	-0.118137
0.465000	-0.005177	-0.298318
0.470000	-0.006977	-0.368739
0.475000	-0.009350	-0.425856
0.480000	-0.011182	-0.392039
0.485000	-0.013289	-0.407692
0.490000	-0.015069	-0.399429
0.495000	-0.017425	-0.377040
0.500000	-0.018820	-0.261329
0.505000	-0.019502	0.002320
0.510000	-0.019392	0.106716
0.515000	-0.018927	0.045081
0.520000	-0.018821	0.095646
0.525000	-0.017836	0.251004
0.530000	-0.016465	0.254159
0.535000	-0.015053	0.201432
0.540000	-0.014101	0.173391
0.545000	-0.012949	0.183528
0.550000	-0.011608	0.188843
0.555000	-0.010435	0.117420
0.560000	-0.009684	0.104918
0.565000	-0.009273	0.032427
0.570000	-0.009367	-0.064559
0.575000	-0.009457	-0.036479
0.580000	-0.008842	0.154977
0.585000	-0.007774	0.173262
0.590000	-0.007031	0.146394
0.595000	-0.006450	0.201358
0.600000	-0.005594	0.149511
0.605000	-0.004813	0.132729
0.610000	-0.004104	0.213510
0.615000	-0.002784	0.317102
0.620000	-0.000816	0.398054
0.625000	0.000770	0.399255
0.630000	0.002446	0.347034
0.635000	0.004687	0.439138
0.640000	0.007054	0.593077
0.645000	0.009773	0.596584
0.650000	0.012291	0.485261
0.655000	0.014323	0.251437
0.660000	0.015684	0.254605
0.665000	0.017015	0.228368
0.670000	0.018127	0.248234
0.675000	0.018546	0.177930
0.680000	0.018698	-0.014304
0.685000	0.018137	-0.168493
0.690000	0.017339	-0.210484
0.695000	0.016230	-0.385686
0.700000	0.013989	-0.504211
0.705000	0.011229	-0.437331
0.710000	0.009305	-0.339742
0.715000	0.007743	-0.271879
0.720000	0.006305	-0.282792
0.725000	0.004391	-0.329123
0.730000	0.003031	-0.267242
0.735000	0.001811	-0.307585
0.740000	0.000088	-0.235140
0.745000	-0.001157	-0.246813
0.750000	-0.002153	-0.151309
0.755000	-0.002698	-0.231217
0.760000	-0.003844	-0.193714
0.765000	-0.004999	-0.322206
0.770000	-0.006930	-0.414344
0.775000	-0.009024	-0.409112
0.780000	-0.011062	-0.309915
0.785000	-0.012251	-0.135803
0.790000	-0.012880	-0.110278
0.795000	-0.012947	-0.011032
0.800000	-0.013202	0.069880
0.805000	-0.012969	0.042248
0.810000	-0.011916	0.263534
0.815000	-0.009995	0.552056
0.820000	-0.007125	0.550427
0.825000	-0.004471	0.556528
0.830000	-0.001126	0.612002
0.835000	0.002046	0.615990
0.840000	0.005082	0.610761
0.845000	0.007378	0.581035
0.850000	0.009910	0.551111
0.855000	0.012122	0.416660
0.860000	0.013909	0.321342
0.865000	0.015254	0.183375
0.870000	0.016535	0.326506
0.875000	0.017490	0.166463
0.880000	0.018354	0.262641
0.885000	0.020022	0.381226
0.890000	0.022185	0.241573
0.895000	0.023136	0.142986
0.900000	0.023772	0.002398
0.905000	0.023391	-0.080533
0.910000	0.023260	-0.140143
0.915000	0.022500	-0.186696
0.920000	0.021055	-0.254481
0.925000	0.019569	-0.217081
0.930000	0.018515	-0.278770
0.935000	0.016985	-0.340443
0.940000	0.015498	-0.233535
0.945000	0.014294	-0.361646
0.950000	0.012655	-0.353583
0.955000	0.011514	-0.188128
0.960000	0.010706	-0.073076
0.965000	0.010894	0.036363
0.970000	0.011012	0.032791
0.975000	0.010938	-0.020502
0.980000	0.010427	-0.102204
0.985000	0.009795	-0.104346
0.990000	0.008780	-0.250475
0.995000	0.007069	-0.353605
1.000000	0.005616	-0.380535
1.005000	0.003305	-0.539993
1.010000	0.000644	-0.579789
1.015000	-0.001985	-0.527252
1.020000	-0.005145	-0.553294
1.025000	-0.007867	-0.491869
1.030000	-0.009540	-0.269992
1.035000	-0.010500	-0.228130
1.040000	-0.011871	-0.390215
1.045000	-0.013764	-0.325478
1.050000	-0.015049	-0.194709
1.055000	-0.015920	-0.164263
1.060000	-0.016717	-0.074699
1.065000	-0.016998	-0.156546
1.070000	-0.017498	-0.088611
1.075000	-0.017711	-0.024678
1.080000	-0.017349	0.121774
1.085000	-0.016347	0.194375
1.090000	-0.015222	0.233700
1.095000	-0.014058	0.278799
1.100000	-0.012363	0.388873
1.105000	-0.010236	0.539570
1.110000	-0.007672	0.568164
1.115000	-0.004622	0.642327
1.120000	-0.001488	0.562168
1.125000	0.001436	0.643357
1.130000	0.004709	0.529828
1.135000	0.007377	0.453839
1.140000	0.009328	0.421972
1.145000	0.011710	0.361923
1.150000	0.013786	0.410571
1.155000	0.015827	0.373249
1.160000	0.018272	0.539646
1.165000	0.021010	0.404997
1.170000	0.022567	0.311283
1.175000	0.023780	0.339586
1.180000	0.024882	0.289723
1.185000	0.026070	0.188997
1.190000	0.027012	0.097680
1.195000	0.027536	0.000905
1.200000	0.027414	-0.086892
1.205000	0.026950	-0.042836
1.210000	0.027118	-0.002565
1.215000	0.027100	-0.195459
1.220000	0.026090	-0.157809
1.225000	0.025266	-0.165268
1.230000	0.023891	-0.255028
1.235000	0.022399	-0.375717
1.240000	0.020756	-0.256639
1.245000	0.019470	-0.289762
1.250000	0.018055	-0.265212
1.255000	0.016362	-0.352809
1.260000	0.014284	-0.587016
1.265000	0.011080	-0.732726
1.270000	0.007608	-0.761180
1.275000	0.003440	-0.876681
1.280000	-0.000395	-0.715334
1.285000	-0.003666	-0.615753
1.290000	-0.006776	-0.698292
1.295000	-0.009804	-0.567227
1.300000	-0.012272	-0.492670
1.305000	-0.015126	-0.651999
1.310000	-0.018923	-0.727764
1.315000	-0.022002	-0.590517
1.320000	-0.025378	-0.679631
1.325000	-0.028764	-0.680417
1.330000	-0.031880	-0.522260
1.335000	-0.034849	-0.528282
1.340000	-0.037591	-0.479674
1.345000	-0.039477	-0.387575
1.350000	-0.041298	-0.463953
1.355000	-0.043638	-0.425064
1.360000	-0.045419	-0.335189
1.365000	-0.047023	-0.214524
1.370000	-0.047925	-0.112398
1.375000	-0.049279	-0.209654
1.380000	-0.049906	0.006975
1.385000	-0.048997	0.195085
1.390000	-0.047766	0.277396
1.395000	-0.045848	0.461999
1.400000	-0.043434	0.455354
1.405000	-0.040886	0.580260
1.410000	-0.037883	0.624614
1.415000	-0.034711	0.627046
1.420000	-0.031360	0.808885
1.425000	-0.027566	0.630633
1.430000	-0.024201	0.796605
1.435000	-0.020626	0.689664
1.440000	-0.017053	0.660997
1.445000	-0.013667	0.598713
1.450000	-0.010826	0.497899
1.455000	-0.008265	0.553625
1.460000	-0.005654	0.476435
1.465000	-0.002907	0.537629
1.470000	-0.000260	0.596656
1.475000	0.002313	0.518844
1.480000	0.004931	0.590254
1.485000	0.007517	0.503169
1.490000	0.010380	0.390605
1.495000	0.012152	0.257673
1.500000	0.013037	0.130251
1.505000	0.013580	0.129886
1.510000	0.014008	0.021182
1.515000	0.014864	0.182603
1.520000	0.015717	0.137766
1.525000	0.016384	0.215322
1.530000	0.017778	0.238544
1.535000	0.018380	0.083665
1.540000	0.018609	0.057665
1.545000	0.018504	-0.017700
1.550000	0.018817	0.029118
1.555000	0.019279	0.115509
1.560000	0.019214	0.017774
1.565000	0.019035	-0.120670
1.570000	0.018549	-0.199089
1.575000	0.018340	-0.081648
1.580000	0.017891	-0.029330
1.585000	0.017138	-0.162039
1.590000	0.015882	-0.309268
1.595000	0.014084	-0.387280
1.600000	0.011899	-0.418026
1.605000	0.009801	-0.399789
1.610000	0.007473	-0.441226
1.615000	0.004561	-0.449293
1.620000	0.002572	-0.345847
1.625000	0.001167	-0.269323
1.630000	-0.000328	-0.248996
1.635000	-0.001743	-0.099830
1.640000	-0.001899	-0.018458
1.645000	-0.001741	0.019345
1.650000	-0.001647	0.050449
1.655000	-0.001385	0.081041
1.660000	-0.000929	0.046318
1.665000	-0.000399	0.142722
1.670000	-0.000164	0.135467
1.675000	0.000476	0.083653
1.680000	0.000671	0.003694
1.685000	0.000674	0.092492
1.690000	0.000939	0.045906
1.695000	0.001129	0.024553
1.700000	0.001005	-0.008996
1.705000	0.001159	-0.000791
1.710000	0.000508	-0.142757
1.715000	0.000137	-0.056954
1.720000	-0.000593	-0.081403
1.725000	-0.001069	-0.105773
1.730000	-0.001418	-0.135943
1.735000	-0.002200	-0.200508
1.740000	-0.003250	-0.075696
1.745000	-0.003581	-0.047906
1.750000	-0.003425	0.067833
1.755000	-0.003081	-0.005796
1.760000	-0.003510	-0.084675
1.765000	-0.004039	-0.070694
1.770000	-0.004140	-0.040890
1.775000	-0.003890	0.075052
1.780000	-0.003682	-0.030939
1.785000	-0.003747	-0.017660
1.790000	-0.003496	0.135361
1.795000	-0.002762	0.193910
1.800000	-0.001681	0.262613
1.805000	-0.000217	0.313597
1.810000	0.001707	0.363605
1.815000	0.003135	0.340261
1.820000	0.004101	0.207156
1.825000	0.005343	0.189882
1.830000	0.005823	0.107760
1.835000	0.006614	0.076018
1.840000	0.007267	0.129112
1.845000	0.008018	0.230282
1.850000	0.008742	0.137913
1.855000	0.009176	0.134523
1.860000	0.009488	0.155434
1.865000	0.010046	0.030497
1.870000	0.010244	-0.003562
1.875000	0.010521	-0.008636
1.880000	0.009971	0.010408
1.885000	0.010046	0.112541
1.890000	0.010746	0.215149
1.895000	0.011242	0.096191
1.900000	0.011477	0.095394
1.905000	0.011484	-0.120948
1.910000	0.010800	-0.148937
1.915000	0.010184	-0.145200
1.920000	0.009608	-0.331444
1.925000	0.007409	-0.387391
1.930000	0.005692	-0.275729
1.935000	0.004943	-0.274290
1.940000	0.003143	-0.270978
1.945000	0.001189	-0.464609
1.950000	-0.001215	-0.344699
1.955000	-0.002175	-0.277062
1.960000	-0.003577	-0.344665
1.965000	-0.005380	-0.415572
1.970000	-0.007465	-0.308301
1.975000	-0.009444	-0.389464
1.980000	-0.011247	-0.294133
1.985000	-0.013025	-0.320333
1.990000	-0.014610	-0.322912
1.995000	-0.015948	-0.238331
2.000000	-0.017195	-0.282561
