eqb run:737.928708	0.023199
737.516086	0.023092
737.131620	0.022985
736.775279	0.022877
736.446854	0.022768
736.145988	0.022659
735.872098	0.022549
735.624441	0.022439
735.402415	0.022328
735.205534	0.022218
735.033259	0.022107
734.884986	0.021995
734.760109	0.021882
734.658080	0.021768
734.578433	0.021654
734.520736	0.021539
734.484516	0.021424
734.469414	0.021309
734.475149	0.021195
734.501484	0.021080
734.548273	0.020966
734.615397	0.020852
734.702693	0.020739
734.809957	0.020626
734.937027	0.020515
735.083699	0.020404
735.249758	0.020294
735.434894	0.020185
735.638603	0.020077
735.860285	0.019970
736.099155	0.019864
736.354278	0.019759
736.624688	0.019654
736.909506	0.019549
737.207738	0.019446
737.518159	0.019344
737.839439	0.019243
738.169921	0.019143
738.507849	0.019044
738.851638	0.018946
739.199583	0.018850
739.549877	0.018755
739.900739	0.018662
740.250449	0.018571
740.597316	0.018482
740.939607	0.018395
741.275513	0.018310
741.603198	0.018227
741.920918	0.018146
742.227147	0.018068
742.520411	0.017991
742.799232	0.017916
743.062307	0.017843
743.308520	0.017772
743.536921	0.017702
743.746664	0.017635
743.936958	0.017569
744.107249	0.017505
744.257339	0.017443
744.387244	0.017383
744.497135	0.017325
744.587331	0.017268
744.658333	0.017214
744.710929	0.017161
744.746107	0.017110
744.764946	0.017061
744.768678	0.017013
744.758646	0.016967
744.736204	0.016921
744.702732	0.016877
744.659707	0.016833
744.608828	0.016789
744.552022	0.016747
744.491114	0.016707
744.427635	0.016666
744.363150	0.016626
744.299306	0.016587
744.237660	0.016549
744.179733	0.016512
744.127088	0.016475
744.081032	0.016439
744.042359	0.016403
744.011627	0.016367
743.989228	0.016332
743.975272	0.016298
743.969559	0.016265
743.971604	0.016231
743.980725	0.016198
743.995945	0.016164
744.015942	0.016130
744.039220	0.016096
744.064043	0.016062
744.088388	0.016027
744.109946	0.015992
744.126113	0.015957
744.134215	0.015922
744.131478	0.015887
744.114833	0.015851
744.080996	0.015815
744.026623	0.015779
743.948352	0.015742
743.842777	0.015705
743.706365	0.015667
743.535735	0.015630
743.327681	0.015592
743.079021	0.015553
742.786697	0.015514
742.447949	0.015476
742.060382	0.015437
741.621916	0.015397
741.130903	0.015358
740.585951	0.015319
739.985880	0.015279
739.329950	0.015240
738.618003	0.015201
737.850405	0.015161
737.028061	0.015121
736.152465	0.015081
735.225484	0.015042
734.249326	0.015002
733.226834	0.014963
732.161205	0.014924
731.055986	0.014884
729.915322	0.014845
728.743819	0.014807
727.546491	0.014768
726.328782	0.014730
725.096460	0.014693
723.855476	0.014655
722.612059	0.014618
721.372690	0.014582
720.144042	0.014545
718.932865	0.014509
717.745977	0.014472
716.590159	0.014434
715.472007	0.014396
714.397973	0.014357
713.374294	0.014317
712.406836	0.014277
711.501194	0.014235
710.662614	0.014193
709.895891	0.014151
709.205420	0.014107
708.595108	0.014063
708.068261	0.014018
707.627525	0.013971
707.274942	0.013923
707.011891	0.013873
706.838988	0.013822
706.756165	0.013769
706.762794	0.013715
706.857689	0.013660
707.038987	0.013603
707.304265	0.013545
707.650671	0.013486
708.074794	0.013425
708.572687	0.013364
709.139918	0.013301
709.771711	0.013238
710.463036	0.013174
711.208479	0.013108
712.002486	0.013043
712.839508	0.012978
713.713906	0.012911
714.619956	0.012845
715.551938	0.012778
716.504344	0.012710
717.471800	0.012642
718.449124	0.012575
719.431443	0.012506
720.414074	0.012439
721.392557	0.012372
722.362823	0.012306
723.321174	0.012241
724.264244	0.012177
725.189101	0.012113
726.093208	0.012051
726.974384	0.011990
727.830804	0.011930
728.660798	0.011871
729.462938	0.011814
730.236238	0.011759
730.980016	0.011705
731.693951	0.011653
732.378076	0.011602
733.032757	0.011551
733.658779	0.011502
734.257245	0.011454
734.829378	0.011407
735.376492	0.011361
735.900116	0.011317
736.401968	0.011274
736.883963	0.011233
737.348105	0.011192
737.796516	0.011152
738.231414	0.011113
738.655053	0.011074
739.069841	0.011036
739.478176	0.010999
739.882303	0.010964
740.284475	0.010928
740.687102	0.010893
741.092588	0.010859
741.503216	0.010826
741.9211