57.51368821542673
29.923992385935936
21.84000657434105
21.510807820776204
20.89172927825506
29.479146585489342
52.05662564576505
30.659942970989512
19.39475315284193
12.979629385451439
12.567145630574649
13.698679884641253
17.645725576342098
29.935073443909754
21.56364763072462
12.760127355622043
10.240080529190239
9.417985804747822
9.932490154749594
14.208883944044604
21.536129472927108
19.433038563898478
12.218017715036126
10.44110901342526
8.524359170468735
9.516648071264257
12.619406259323064
19.518838530084082
22.186297392293838
13.075020805638003
10.91914051782672
9.060919884677418
10.247804142057177
13.814208556672044
21.80007540580989
30.787955837837348
18.69995938818922
13.538704971769546
12.638294598102219
14.223453749889035
17.646249693658522
28.008808556396392
50.0543072002379
31.551008056967103
20.626689490215337
19.510773892467203
