500000	1.915589
333333	2.783899
250000	3.608165
200000	4.394972
166666	5.149496
142857	5.864535
125000	6.554833
111111	7.211969
100000	7.847382
90909	8.457111
83333	9.053649
76923	9.614669
71428	10.169394
66666	10.697806
62500	11.198995
58823	11.705812
55555	12.201939
52631	12.649089
50000	13.067543
47619	13.550352
45454	13.952641
43478	14.380165
41666	14.753144
40000	15.104727
38461	15.499224
37037	15.858412
35714	16.247906
34482	16.564836
33333	16.915005
32258	17.224562
31250	17.567593
30303	17.837942
29411	18.163690
28571	18.475561
27777	18.764201
27027	19.062151
26315	19.269209
25641	19.507633
25000	19.838609
24390	20.020852
23809	20.347556
23255	20.555781
22727	20.801243
22222	21.019022
21739	21.190825
21276	21.524797
20833	21.625113
20408	21.819007
20000	22.134715
19607	22.247264
19230	22.500907
18867	22.708882
18518	22.969694
18181	22.972381
17857	23.151386
17543	23.339434
17241	23.523148
16949	23.729524
16666	23.962730
16393	24.154784
16129	24.171556
15873	24.282202
15625	24.468362
15384	24.579874
15151	24.907283
14925	25.033665
14705	24.981461
14492	25.161751
14285	25.259700
14084	25.560279
13888	25.657743
13698	25.769962
13513	25.924402
13333	25.885651
13157	26.074808
12987	26.111167
12820	26.343262
12658	26.438594
12500	26.575911
12345	26.828808
12195	26.674308
12048	26.727897
11904	27.086063
11764	27.173533
11627	27.038390
11494	27.238468
11363	27.147006
11235	27.518059
11111	27.447013
10989	27.364012
10869	27.765734
10752	27.561026
10638	28.032993
10526	27.614969
10416	28.229683
10309	27.902032
10204	27.992074
10101	28.394307
10000	28.231532
9900	28.324424
9803	28.410828
9708	28.818435
9615	28.556967
9523	28.935590
9433	28.973641
9345	28.856776
9259	29.089311
9174	29.081913
9090	28.645965
9009	29.051207
8928	29.151608
8849	29.002258
8771	29.186568
8695	29.256673
8620	29.262039
8547	29.538815
8474	29.069194
8403	29.786711
8333	29.369156
8264	29.489490
8196	29.584587
8130	29.645394
8064	29.856112
8000	29.625383
7936	29.926134
7874	30.038984
7812	29.721157
7751	30.187015
7692	29.914772
7633	30.184931
7575	29.892591
7518	30.050781
7462	30.171415
7407	30.435953
7352	29.959952
7299	29.981926
7246	30.192292
7194	30.402097
7142	30.047669
7092	30.757761
7042	30.605099
6993	30.430669
6944	30.773706
6896	31.016447
6849	30.867932
6802	30.978159
6756	30.877668
6711	30.982353
6666	31.130483
6622	30.687012
6578	31.248074
6535	30.767456
6493	30.680439
6451	31.147037
6410	31.106105
6369	31.034681
6329	31.218540
6289	31.281666
6250	31.165852
6211	31.312247
6172	31.447843
6134	31.708666
6097	31.072516
6060	31.074708
6024	31.327103
5988	31.411187
5952	31.211747
5917	31.110707
5882	31.730499
5847	31.441095
5813	31.649794
5780	31.625913
5747	31.379640
5714	31.254273
5681	31.889451
5649	31.178836
5617	31.036229
5586	31.918316
5555	31.627727
5524	31.677159
5494	31.927247
5464	31.833634
5434	32.052984
5405	31.860495
5376	31.609854
5347	31.799002
5319	31.775080
5291	31.344842
5263	31.564734
5235	31.865805
5208	31.772463
5181	32.234970
5154	31.713551
5128	31.205025
5102	31.973855
5076	31.850521
5050	32.390025
5025	32.529372
5000	32.520064
4975	32.314871
4950	32.221841
4926	32.109871
4901	31.566421
4878	32.701282
4854	31.644719
4830	32.499393
4807	31.766724
4784	32.359701
4761	32.435225
4739	32.242559
4716	32.362574
4694	32.640248
4672	32.422354
4651	32.337863
4629	32.613337
4608	32.483674
4587	32.766817
4566	32.649557
4545	32.674023
4524	32.718154
4504	32.177123
4484	32.240085
4464	33.030554
4444	32.663464
4424	32.373374
4405	32.281846
4385	31.951330
4366	32.326049
4347	32.558543
4329	32.190275
4310	31.937670
4291	32.577430
4273	33.397310
4255	32.117952
4237	32.382372
4219	32.431935
4201	32.640270
4184	32.854394
4166	32.175487
4149	32.703448
4132	32.225987
4115	32.646172
4098	32.974359
4081	32.822809
4065	32.762158
4048	33.137954
4032	32.837302
4016	32.635640
4000	32.534696
3984	32.965659
3968	32.959344
3952	31.908026
3937	32.884957
3921	32.295075
3906	32.729806
3891	33.341621
3875	32.423077
3861	32.433941
3846	32.686321
3831	32.974461
3816	33.439489
3802	33.247700
3787	32.902718
3773	33.240504
3759	33.282113
3745	33.063572
3731	32.714346
3717	32.865467
3703	32.680788
3690	32.639722
3676	33.380724
3663	32.931380
3649	33.386419
3636	32.873282
3623	32.892319
3610	33.501310
3597	33.289219
3584	33.122336
3571	33.014366
3558	33.188052
3546	33.280027
3533	33.038627
3521	33.104822
3508	33.609561
3496	32.964789
3484	33.584242
3472	33.719240
3460	33.321112
3448	32.947726
3436	33.068463
3424	33.018471
3412	33.027156
3401	33.717375
3389	32.766823
3378	33.248863
3367	33.136021
3355	33.166996
3344	33.680839
3333	33.477080
3322	33.135469
3311	33.006569
3300	33.151774
3289	33.505297
3278	33.428897
3267	33.654445
3257	34.082360
3246	32.628603
3236	33.538801
3225	33.981454
3215	33.921067
3205	33.464978
3194	33.290880
3184	33.491163
3174	33.450268
3164	33.347286
3154	34.208624
3144	33.944670
3134	32.918395
3125	33.874723
3115	32.792072
3105	33.061455
3095	33.008627
3086	34.107862
3076	33.931504
3067	32.902491
3058	33.118603
3048	33.448934
3039	33.238424
3030	33.830058
3021	32.954706
3012	33.731589
3003	33.314315
2994	34.131099
2985	33.594252
2976	33.494457
2967	33.756667
2958	33.539710
2949	33.272807
2941	33.022585
2932	33.141262
2923	33.070786
2915	33.507286
2906	33.390342
2898	34.296413
2890	34.424040
2881	34.673948
2873	33.233145
2865	33.834794
2857	33.436710
2849	33.903578
2840	34.150213
2832	33.864318
2824	33.458512
2816	33.746493
2808	33.801459
2801	33.992801
2793	33.801945
2785	34.121204
2777	33.867266
2770	34.491089
2762	33.518164
2754	33.783865
2747	33.492239
2739	33.688504
2732	34.176374
2724	34.479567
2717	34.075261
2710	33.789431
2702	34.214685
2695	33.391900
2688	33.639439
2680	33.410936
2673	33.662827
2666	34.148356
2659	33.819499
2652	33.627104
2645	34.033651
2638	34.013670
2631	33.967156
2624	34.234672
2617	33.578984
2610	34.548085
2604	33.728985
2597	34.194991
2590	34.053774
2583	33.485349
2577	33.933115
2570	34.114422
2564	33.586699
2557	34.795785
2551	34.459736
2544	34.521505
2538	34.862985
2531	34.440969
2525	34.277136
2518	33.522523
2512	33.993927
2506	33.606091
2500	34.647362
2493	33.413005
2487	33.643309
2481	34.151862
2475	33.787246
2469	33.852033
2463	33.001582
2457	33.962976
2450	32.281028
2444	33.587721
2439	34.493516
2433	34.045320
2427	34.443494
2421	33.968381
2415	35.076171
2409	34.044824
2403	34.013659
2398	33.686049
2392	33.296431
2386	34.176361
2380	34.512714
2375	33.804127
2369	33.772139
2364	34.105458
2358	33.914409
2352	34.407777
2347	33.806183
2341	34.612948
2336	34.237467
2331	34.701388
2325	34.422330
2320	34.927085
2314	34.227094
2309	33.107372
2304	33.719608
2298	33.716593
2293	34.296500
2288	35.306831
2283	33.942989
2277	34.309310
2272	34.688784
2267	35.204586
2262	33.906438
2257	34.590662
2252	34.532496
2247	33.862928
2242	34.340116
2237	35.188656
2232	34.171170
2227	33.995228
2222	36.107218
2217	34.350593
2212	33.606876
2207	33.156270
2202	34.140629
2197	33.955938
2192	34.792332
2188	33.829995
2183	34.125591
2178	34.681818
2173	33.702892
2169	34.472190
2164	34.344369
2159	35.306502
2155	33.870584
2150	34.167044
2145	34.946045
2141	35.255748
2136	34.925632
2132	34.395944
2127	33.822867
2123	34.265030
2118	34.870754
2114	34.416747
2109	34.279711
2105	35.258007
2100	35.270467
2096	33.969911
2092	34.045605
2087	34.016056
2083	35.070383
2079	34.227869
2074	34.432102
2070	34.485166
2066	34.097060
2061	34.097579
2057	34.018629
2053	35.266735
2049	35.487036
2044	35.346495
2040	34.944612
2036	34.231113
2032	34.079741
2028	35.032105
2024	35.156220
2020	34.858736
2016	34.211021
2012	34.031518
2008	34.743849
2004	35.125745
2000	34.965410
1996	35.383581
1992	35.129873
1988	33.450574
1984	35.045056
1980	34.488140
1976	33.642901
1972	34.515175
1968	34.298106
1964	34.021188
1960	33.944762
1956	35.085423
1953	34.922254
1949	34.648333
1945	34.334385
1941	34.901402
1937	34.534610
1934	34.197824
1930	34.982826
1926	34.984855
1923	34.640619
1919	36.673225
1915	34.756671
1912	34.273872
1908	34.224783
1904	35.473810
1901	34.352439
1897	35.039384
1893	35.758207
1890	33.778585
1886	35.364901
1883	33.871089
1879	35.084994
1876	35.119215
1872	34.639942
1869	35.497830
1865	34.154253
1862	35.065280
1858	34.564125
1855	35.312999
1851	35.348662
1848	34.856575
1845	34.122335
1841	34.721138
1838	34.848149
1834	35.445762
1831	35.530494
1828	35.163866
1824	34.274764
1821	34.961367
1818	33.935064
1814	35.307174
1811	33.956941
1808	34.722040
1805	35.799076
1801	35.012115
1798	34.585442
1795	34.248101
1792	35.245033
1788	34.809323
1785	36.095851
1782	33.600688
1779	35.004279
1776	36.238938
1773	35.448906
1769	35.531468
1766	35.411480
1763	35.492031
1760	35.694250
1757	35.250123
1754	35.521256
1751	34.223577
1748	34.954828
1745	35.726547
1742	35.412240
1739	35.732884
1736	34.560396
1733	35.654197
1730	34.616215
1727	34.466914
1724	34.587070
1721	35.712229
1718	35.397817
1715	35.213899
1712	34.944972
1709	34.009553
1706	36.002804
1703	35.301426
1700	33.985343
1697	35.744338
1694	36.421458
1692	36.254294
1689	34.490513
1686	35.356078
1683	35.526228
1680	34.591516
1677	35.990659
1675	36.680254
1672	35.352591
1669	35.216224
1666	35.078996
1663	34.351810
1661	35.049333
1658	36.302759
1655	35.833879
1652	35.695006
1650	34.931575
1647	35.867598
1644	35.201592
1642	35.151487
1639	34.039290
1636	34.379907
1633	34.883810
1631	35.446112
1628	35.654508
1626	34.966867
1623	35.403176
1620	35.122909
1618	35.083935
1615	35.077800
1612	35.295254
1610	34.913009
1607	34.957353
1605	34.691693
1602	35.166629
1600	35.696969
1597	36.129890
1594	35.444050
1592	34.989324
1589	34.301999
1587	34.958343
1584	34.559060
1582	34.912677
1579	34.785395
1577	35.711965
1574	35.986795
1572	34.910136
1569	35.826721
1567	35.684647
1564	35.587495
1562	35.856575
1560	35.434455
1557	36.362600
1555	35.488386
1552	35.350155
1550	36.268220
1547	35.560891
1545	36.347304
1543	35.553863
1540	34.794741
1538	34.544643
1536	35.537761
1533	34.711008
1531	34.862468
1529	35.841805
1526	34.285376
1524	35.794457
1522	35.541621
1519	34.588587
1517	34.686247
1515	34.920927
1512	34.555921
1510	35.284717
1508	34.955742
1506	34.605505
1503	35.324245
1501	34.528798
1499	35.202953
1497	35.585169
1494	34.707486
1492	35.330667
1490	35.181115
1488	37.031780
1485	35.695937
1483	35.344279
1481	36.747982
1479	35.152410
1477	34.844581
1474	35.568103
1472	36.542605
1470	35.423950
1468	36.120184
1466	35.424353
1464	36.155137
1461	34.952795
1459	35.052744
1457	34.220349
1455	35.637060
1453	35.335381
1451	35.438855
1449	35.999124
1447	35.939386
1445	35.929719
1443	36.047444
1440	35.435338
1438	33.747247
1436	35.183559
1434	36.259730
1432	36.664865
1430	35.604365
1428	34.840145
1426	35.008240
1424	35.569362
1422	36.294029
1420	37.336195
1418	36.029083
1416	35.582244
1414	35.042877
1412	34.432789
1410	35.962794
1408	36.051614
1406	35.213632
1404	34.816687
1402	34.593328
1400	35.939119
1398	35.544024
1396	35.129192
1394	35.394524
1392	35.840529
1390	35.321793
1388	34.418122
1386	34.853917
1385	35.038079
1383	36.461661
1381	35.820960
1379	35.563859
1377	37.234859
1375	34.936136
1373	35.610253
1371	33.792514
1369	35.035223
1367	36.145354
1366	35.139736
1364	36.144766
1362	36.136339
1360	35.990688
1358	35.467049
1356	36.766587
1355	36.241671
1353	37.185777
1351	35.331424
1349	36.810840
1347	34.739652
1345	35.662647
1344	35.341800
1342	36.319989
1340	36.473163
1338	36.011985
1336	35.152902
1335	36.065268
1333	36.706003
1331	35.150292
1329	36.248975
1328	35.617521
1326	35.814290
1324	37.573220
1322	35.766478
1321	35.843648
1319	36.877180
1317	36.382994
1315	35.724957
1314	36.364750
1312	35.493764
1310	35.878060
1308	35.302681
1307	36.853925
1305	35.863841
1303	34.757835
1302	36.167091
1300	35.786047
1298	36.311776
1297	35.361469
1295	35.151228
1293	36.770382
1291	35.205320
1290	35.725595
1288	35.681420
1287	35.724036
1285	36.488356
1283	36.087807
1282	35.185355
1280	35.390754
1278	36.969043
1277	34.618373
1275	35.818642
1273	36.036568
1272	35.354656
1270	36.059870
1269	35.340331
1267	36.172547
1265	36.314326
1264	36.403267
1262	35.908594
1261	36.039553
1259	35.035466
1257	35.556733
1256	35.847014
1254	34.686962
1253	36.610724
1251	35.898418
1250	36.750989
1248	35.050754
1246	35.652504
1245	35.689844
1243	35.873355
1242	36.976229
1240	35.307728
1239	34.148634
1237	35.596129
1236	35.460235
1234	36.188190
1233	36.151517
1231	35.970273
1230	35.514443
1228	35.988064
1226	36.569502
1225	35.631090
1223	35.433064
1222	34.647347
1221	36.886525
1219	35.125522
1218	37.014106
1216	37.082231
1215	35.828226
1213	36.383976
1212	35.337701
1210	35.905511
1209	36.833179
1207	36.167083
1206	37.108493
1204	36.776072
1203	34.492615
1201	36.000357
1200	35.606106
1199	36.207868
1197	37.024658
1196	36.078352
1194	36.060396
1193	35.401124
1191	34.987679
1190	36.924378
1189	35.420690
1187	36.936481
1186	36.056260
1184	35.927637
1183	34.957612
1182	36.468006
1180	35.807539
1179	35.572026
1177	35.069159
1176	35.801263
1175	36.252721
1173	36.383377
1172	35.401448
1170	35.947586
1169	36.540153
1168	35.869332
1166	34.813058
1165	36.147893
1164	35.654931
1162	35.772134
1161	33.782806
1160	36.990355
1158	36.940823
1157	36.214629
1156	36.215255
1154	35.351722
1153	34.439820
1152	36.078687
1150	36.698858
1149	34.824071
1148	36.127589
1146	36.892065
1145	36.952572
1144	36.411843
1142	36.897304
1141	34.800428
1140	36.846724
1138	36.203794
1137	35.217875
1136	36.513685
1135	37.038346
1133	35.587666
1132	36.099176
1131	36.138616
1129	36.810877
1128	36.402069
1127	37.162582
1126	35.554008
1124	37.828943
1123	36.062058
1122	35.292293
1121	36.588878
1119	35.888366
1118	38.753871
1117	35.837595
1116	35.892017
1114	35.585380
1113	37.118494
1112	36.935497
1111	38.061916
1109	36.537388
1108	36.965755
1107	36.318395
1106	36.286082
1104	38.400914
1103	37.094264
1102	37.062649
1101	35.686942
1100	35.970134
1098	36.095379
1097	37.238547
1096	36.620160
1095	36.580405
1094	36.501580
1092	36.828640
1091	36.742279
1090	37.714862
1089	37.711177
1088	35.594781
1086	35.989333
1085	35.974851
1084	36.640288
1083	36.167021
1082	36.530240
1081	36.455518
1079	36.634864
1078	37.066825
1077	35.525512
1076	37.100629
1075	34.858656
1074	35.659245
1072	35.898293
1071	35.949913
1070	36.605231
1069	35.742437
1068	35.840361
1067	35.565421
1066	35.941444
1064	36.148207
1063	35.272074
1062	35.671312
1061	35.986392
1060	36.793729
1059	36.596923
1058	36.029457
1057	37.848889
1055	35.774124
1054	36.170778
1053	36.305606
1052	37.553875
1051	36.645503
1050	37.371474
1049	35.674327
1048	35.869221
1047	36.283209
1046	36.571525
1044	35.513166
1043	37.397643
1042	36.373284
1041	37.786189
1040	37.432011
1039	36.203601
1038	37.030883
1037	34.823386
1036	37.235430
1035	35.919183
1034	36.471631
1033	37.309801
1031	36.794336
1030	36.040251
1029	36.976128
1028	35.987432
1027	36.588679
1026	36.907100
1025	37.362573
1024	37.252664
1023	36.819346
1022	37.260852
1021	37.509711
1020	37.179962
1019	36.602152
1018	37.116337
1017	38.020712
1016	36.850946
1015	37.316675
1014	38.105735
1013	36.065281
1012	37.065788
1011	37.879457
1010	36.275782
1009	36.679544
1008	35.145299
1007	36.176600
1006	35.143181
1005	36.945219
1004	36.207111
1003	36.006031
1002	37.313530
1001	36.263908
