0.001000
-0.034580	-0.088447	0.059822	2.163725	1.976556	-0.038122	0.195454	1.921201	1.695391	2.367068	0.048224	1.939050	-0.144561	0.200687	3.709634	
-0.184352	-0.049925	-0.035013	1.964708	2.081935	-0.383140	-0.134396	2.047507	2.018287	1.868932	-0.179941	1.948389	0.195094	0.188373	4.051329	
-0.038409	-0.125261	-0.000169	2.065467	1.773914	0.116359	-0.338496	1.996999	1.895286	1.938625	0.006836	1.962416	-0.128607	-0.000231	4.168315	
0.211676	0.002097	0.046790	1.992662	2.026755	0.163625	-0.003028	1.913459	2.016072	2.147797	-0.384550	2.136115	-0.193316	0.063657	4.139675	
-0.173415	-0.274470	0.113419	2.066789	2.188571	-0.217462	-0.045637	1.777616	2.245644	1.930747	0.244239	1.698768	0.163543	-0.205932	4.105851	
-0.049351	0.116707	-0.131378	2.066390	1.778964	-0.088766	0.177385	2.059303	1.833811	1.948220	0.017193	2.267641	-0.237360	0.099734	3.907266	
-0.120802	-0.213784	-0.077764	1.756762	2.053509	-0.056747	-0.208037	2.027756	1.815955	2.100205	-0.142681	1.863677	-0.071592	-0.137297	4.272490	
-0.396259	0.099825	-0.180884	1.801368	1.956817	-0.131910	-0.434141	1.817767	2.056125	1.718916	-0.155147	2.060726	-0.014877	-0.054219	3.929163	
0.459214	-0.222232	0.027040	2.122338	2.096654	-0.082775	0.008436	2.136112	2.077688	2.023586	0.116748	2.117066	0.149852	-0.125559	3.971551	
-0.378040	0.026784	0.199620	1.822308	1.936603	0.065409	-0.245064	1.792424	2.202085	2.076846	-0.210515	1.856030	-0.106854	-0.257658	3.849263	
0.072528	-0.241198	-0.236693	1.962479	1.854295	-0.173627	-0.049394	1.976050	1.515444	1.863217	-0.169710	1.837772	-0.087307	0.004464	3.851363	
-0.159073	0.043723	-0.213214	1.700619	1.929406	-0.266708	0.156285	1.930019	2.046878	1.955502	-0.015099	1.936062	-0.177471	0.006306	4.071740	
-0.147970	-0.110743	-0.020836	2.021696	2.086061	0.089890	-0.354731	2.008548	1.901340	1.931042	-0.004008	1.921171	-0.115518	0.198177	3.984026	
0.023775	-0.146187	-0.063122	2.020389	1.681268	0.142482	-0.173338	1.946408	1.861733	2.039789	-0.576938	2.001275	-0.252119	-0.145527	3.774961	
-0.222684	-0.111611	-0.345412	1.987707	1.868720	-0.357088	0.144455	1.596888	1.986239	2.372282	0.034130	1.769713	0.099435	-0.451772	3.974131	
0.027265	-0.048882	-0.163992	1.816907	2.107167	0.243012	-0.395863	2.091137	1.886870	1.587704	-0.182804	1.867426	-0.326906	-0.048795	4.012951	
-0.395638	-0.251863	-0.208633	1.796060	1.801824	-0.179089	0.007566	1.552549	1.784941	2.221242	-0.259652	2.076039	-0.245500	-0.202126	4.059298	
0.105583	-0.176436	-0.150191	1.896685	1.970618	-0.047111	-0.339833	2.031963	1.899732	1.680130	-0.130452	1.851309	0.022591	-0.280653	3.898526	
-0.298838	0.137397	-0.193637	1.761436	1.839625	-0.155274	0.066895	1.991762	2.097369	1.808839	-0.241236	1.764784	-0.199116	-0.174077	4.134107	
-0.041679	-0.410428	-0.286959	2.187366	1.498654	0.024674	-0.056475	1.766794	1.671939	2.117373	-0.287633	2.011563	-0.076623	0.086550	3.876691	
0.002442	0.040087	-0.126366	1.859624	2.101380	-0.186927	-0.200765	1.960212	2.190481	1.853715	0.020217	1.969628	-0.173220	-0.210798	4.247430	
-0.280042	-0.383937	-0.253919	2.107460	1.779513	-0.255798	-0.167376	1.702818	1.560313	2.025939	0.148044	1.964417	-0.191177	0.028964	3.859156	
0.100877	0.003236	-0.164378	1.888497	2.001949	-0.180663	-0.067241	2.062850	2.005138	1.849661	-0.346831	1.952191	-0.201783	0.018832	3.935404	
-0.246451	0.118938	-0.047155	1.877339	1.931690	0.051697	-0.159393	2.074074	1.903671	2.057285	0.017359	1.892888	-0.329543	-0.344020	4.068557	
0.049280	-0.290026	-0.256053	2.322027	2.062712	0.022934	-0.090288	1.737575	1.697763	1.940074	-0.260980	1.852607	-0.209048	-0.101094	4.032722	
-0.310601	-0.133129	-0.035466	1.757040	1.837122	-0.355614	-0.063408	1.867777	2.036653	1.983181	0.007086	1.962900	-0.050235	-0.116528	3.851449	
-0.373858	-0.345814	-0.142247	2.008737	1.589019	-0.110455	-0.306043	1.839601	1.853388	1.821473	-0.283718	1.917797	-0.223618	0.077669	3.817162	
0.076322	-0.318833	0.034393	1.874678	1.955605	-0.387103	0.121718	1.657182	1.842380	2.208640	-0.238739	1.960991	0.002798	-0.110982	3.930601	
-0.057881	0.191440	-0.165931	2.071923	1.804373	0.285772	-0.244755	2.251519	1.975025	1.727609	-0.296518	1.921472	-0.137218	-0.310780	3.917187	
-0.356594	-0.256380	-0.084931	1.808394	2.031075	-0.302717	-0.046471	1.602734	1.876239	1.950249	-0.285411	2.333521	-0.368285	-0.133366	4.276333	
-0.124706	0.060616	-0.402843	1.870799	2.099749	-0.064373	-0.266217	2.011197	1.952730	1.866695	0.099562	1.658773	-0.022229	0.071692	3.697393	
-0.123686	-0.074380	-0.191618	2.081819	2.004199	-0.588709	-0.292424	1.940486	1.957354	2.050427	-0.234562	1.969954	-0.056668	-0.223388	4.028927	
-0.275019	-0.409298	-0.252072	1.892831	2.023617	-0.047650	-0.230537	1.866351	1.761740	1.962191	-0.134785	1.620100	-0.203519	-0.220397	4.016486	
-0.095859	-0.295370	-0.147356	2.025575	1.636209	-0.054268	-0.068337	1.761561	2.083694	1.747774	-0.202223	1.958835	-0.219619	-0.192131	4.194195	
-0.036399	-0.265113	-0.145089	1.845940	1.931131	-0.206644	-0.129641	2.125321	1.995411	2.060948	-0.218142	2.097830	-0.211824	-0.147337	3.823203	
0.073433	-0.169573	-0.193527	2.124496	2.070631	0.034359	-0.280609	1.904675	2.015775	1.700581	0.029674	1.970833	-0.173654	0.002414	3.940176	
-0.301895	-0.231035	-0.160692	1.930356	2.050592	-0.264413	-0.125556	1.829728	1.976306	1.806210	-0.051258	1.608158	-0.269422	-0.301514	3.837969	
-0.175282	-0.233719	-0.298433	1.536783	1.709006	-0.196692	-0.146009	1.772493	1.932730	1.951375	-0.252731	1.879120	-0.070654	-0.057971	4.079891	
0.039262	-0.324626	-0.183081	1.931878	1.825606	-0.429829	-0.010397	1.869744	1.788156	1.853873	-0.230088	2.093999	-0.031835	-0.336323	4.033036	
0.017650	0.234052	-0.070045	2.021922	2.070796	0.020936	0.035211	2.134950	2.017075	1.872518	0.107745	2.111992	-0.135518	0.027552	3.953878	
-0.234536	0.316792	-0.220799	2.027708	2.291449	-0.081870	-0.152532	2.043828	1.932023	2.219685	-0.292414	1.706469	-0.426553	0.013358	4.014637	
-0.013717	-0.620691	-0.267213	1.714055	1.817663	-0.207921	-0.264379	2.159720	1.718721	1.800665	-0.034115	1.752907	0.033663	-0.333797	3.867697	
-0.172366	-0.165920	-0.206619	1.854206	1.620822	-0.338129	0.119423	1.559978	1.612144	2.003979	-0.637851	1.697141	-0.003146	-0.263996	3.843279	
-0.000989	-0.167092	0.014125	1.805630	1.857439	-0.081589	-0.196511	1.914090	2.040595	1.753579	0.096883	2.251507	-0.266365	-0.259396	3.998940	
-0.347979	0.054330	0.011971	2.070526	1.977471	-0.215983	-0.434012	2.093692	1.837644	1.801002	0.118594	1.680833	-0.289253	0.123443	3.942584	
-0.105771	-0.075488	-0.221126	2.122857	1.766312	-0.118595	0.254229	1.544906	1.712538	2.250053	-0.371084	1.907684	-0.099110	-0.354855	3.786702	
0.008172	-0.192345	-0.079716	1.898242	1.873333	0.017172	-0.084754	2.070333	1.816433	1.867622	-0.101007	1.985564	-0.274879	-0.068496	4.300152	
-0.123250	-0.044349	-0.209426	1.963612	2.023376	-0.341056	-0.157533	1.704442	1.925702	1.908879	-0.297376	2.006234	0.130508	-0.626690	3.997520	
-0.025411	-0.455094	-0.082383	1.812233	1.528995	-0.352855	-0.155387	1.651991	1.921843	2.005982	-0.465699	1.849734	-0.008576	-0.297848	4.069301	
-0.302230	-0.355767	-0.204315	1.896442	1.620949	-0.024475	0.004198	1.926466	1.702970	2.011831	0.022328	1.971687	-0.336540	0.073695	3.996857	
0.034961	0.239942	0.026457	2.184726	2.143006	-0.286011	-0.508301	2.268327	1.680670	1.798794	0.025166	1.930895	0.020822	-0.238242	4.036671	
-0.217055	-0.176073	-0.259636	2.040040	1.983512	-0.161870	-0.029870	1.765903	2.117404	1.905485	-0.237801	1.765654	-0.114223	-0.157555	3.834235	
0.022567	-0.279141	0.088229	2.152403	1.966490	0.271734	-0.161587	2.122271	1.798104	1.799538	-0.098703	2.021579	-0.147293	-0.158775	3.719365	
-0.024049	-0.483365	-0.157104	1.980358	1.796388	-0.618705	0.018235	1.547694	1.993351	2.114516	-0.297443	1.845644	-0.153608	-0.337949	3.648417	
-0.004398	-0.127690	-0.350078	1.840669	1.784809	-0.375412	-0.226321	2.091123	1.595914	1.844429	-0.073785	1.819084	-0.086807	-0.208694	4.090888	
-0.679894	0.508021	0.078173	2.047032	2.410580	0.022195	-0.034370	2.434197	1.990813	1.709579	-0.051299	1.796424	-0.454044	0.157923	3.821852	
-0.238715	-0.265117	-0.105333	1.756634	1.555444	-0.402687	-0.279360	1.944684	1.955702	2.035245	0.076452	2.118241	-0.026824	-0.139571	4.115362	
0.181731	-0.397799	-0.247236	1.985105	1.962619	-0.157123	-0.157796	1.698038	2.076079	1.928059	-0.585780	2.123117	-0.093665	-0.226856	4.342317	
-0.313340	-0.199598	0.134291	2.059524	1.563420	-0.247801	-0.363150	1.885257	2.077763	2.140969	-0.038482	2.115398	-0.008275	-0.322100	3.657244	
-0.225704	-0.078429	-0.513756	1.820551	2.489406	-0.301798	-0.016816	1.964912	1.529893	1.759021	-0.036730	1.505984	-0.209194	-0.012584	4.000260	
0.025861	-0.022854	0.045316	1.955437	1.942881	-0.281055	-0.057289	2.176769	2.067524	2.077403	-0.024429	1.841965	-0.029089	-0.359748	3.732975	
-0.719320	0.058328	-0.267151	1.828792	1.332215	0.032914	0.032058	1.700831	1.821032	2.023077	-0.516279	2.297470	-0.152212	0.161626	4.064776	
0.063954	-0.340378	-0.040159	1.830167	2.011202	-0.215941	-0.275037	2.065866	2.053116	1.814590	0.197622	1.945050	0.038172	-0.279048	4.276196	
-0.214623	-0.002578	0.060090	1.920211	2.169700	0.091842	-0.071391	2.224010	2.031158	2.080656	0.092277	1.846967	-0.420536	0.074487	3.903789	
-0.165595	-0.244054	-0.132338	2.104396	1.894128	-0.428425	-0.313876	1.686844	1.917699	1.829655	0.034916	2.021429	0.063823	-0.159207	3.950864	
-0.079674	-0.163518	-0.506463	1.734110	1.776042	-0.181073	-0.358967	1.997575	1.755616	1.720683	-0.337793	1.769108	0.210535	0.183136	3.870777	
-0.306994	0.003000	-0.043563	2.074274	1.983362	0.033692	0.018324	1.876132	1.979409	2.173100	-0.090463	1.899088	-0.047847	-0.465138	3.904933	
-0.119733	0.031098	-0.100535	1.617126	2.017858	0.033751	-0.373160	2.005554	1.822367	1.620672	-0.335836	2.173394	-0.585033	-0.057244	3.980844	
-0.044568	-0.531639	-0.040874	1.814847	2.045037	-0.112691	-0.140424	1.931340	1.947277	1.991911	-0.093446	1.686277	-0.245972	-0.082288	4.070956	
-0.390701	-0.173101	-0.011575	1.955467	1.705082	-0.051703	0.012598	1.681861	1.944177	1.960364	-0.159847	2.117839	0.033165	-0.377375	4.089031	
0.056474	-0.122634	-0.369310	2.024145	1.734106	-0.440718	-0.142423	1.820154	2.086025	1.842649	-0.146853	1.849109	-0.085430	-0.267503	4.044926	
-0.413774	-0.145768	-0.393510	2.038265	1.816618	0.035921	-0.253531	2.091806	1.974835	1.548172	-0.260765	1.999176	-0.181948	-0.090956	3.859407	
0.232160	-0.086500	-0.050648	1.741076	2.269547	-0.501930	-0.116872	2.148626	1.919649	2.386589	-0.072511	1.776479	-0.127417	0.144122	3.767113	
-0.499843	-0.339616	0.028858	2.203824	1.842587	-0.128035	-0.260912	1.833441	1.731167	1.770034	-0.147105	1.986248	0.175087	-0.286734	4.183299	
-0.139741	0.185342	-0.253686	1.678316	1.975253	0.051098	-0.148431	1.755762	2.081478	1.631474	-0.144706	2.096074	-0.279235	-0.200967	4.046047	
-0.083091	-0.063820	-0.047735	2.028154	1.954251	-0.209024	-0.032087	2.061957	1.952195	2.297617	-0.089065	1.771411	-0.081811	-0.277873	4.013352	
0.050112	-0.071633	-0.257133	2.032438	2.039820	0.032492	-0.142363	1.882041	2.016071	1.816562	-0.201319	1.933903	-0.000653	-0.130500	3.881193	
-0.353869	-0.349766	-0.262569	1.999015	2.173706	-0.461141	-0.195992	2.032347	1.815547	1.843862	-0.043785	1.822098	-0.374063	0.041766	3.714633	
-0.231180	-0.141845	-0.268471	1.890589	1.645634	-0.289494	-0.325993	1.961152	1.925071	1.829452	0.203593	1.798016	-0.308156	-0.187907	4.093326	
0.035452	0.070688	0.004508	1.999790	1.778888	-0.062699	0.202521	1.952810	1.919928	1.955493	-0.292331	1.822451	-0.067327	-0.107877	3.802832	
0.046685	-0.162872	-0.024582	1.963484	2.106418	-0.098947	-0.023264	1.972975	1.829996	2.078185	0.061092	1.822811	0.034812	0.018298	3.924744	
0.202507	-0.402136	-0.205901	2.186447	1.850901	-0.352882	-0.281272	1.899830	1.612035	2.005924	-0.229425	2.069247	-0.026949	-0.146872	3.828832	
-0.531944	-0.221897	-0.031916	1.792976	1.952735	-0.177911	0.091155	2.026390	2.195923	1.875719	-0.219431	1.682306	-0.415141	0.042127	4.259426	
-0.057364	-0.017568	-0.445216	1.927590	1.805436	-0.170784	-0.054616	1.960558	1.641934	1.709305	0.127219	2.088424	-0.048900	-0.127011	3.779462	
-0.009022	-0.251598	0.048166	1.890248	1.780032	0.147595	-0.299623	1.690894	1.936193	2.308719	-0.215765	2.157690	-0.170504	-0.051075	3.968873	
-0.366997	-0.278245	-0.153864	1.797696	2.025753	0.058942	-0.124015	2.114446	2.029244	1.556582	0.164859	1.945570	-0.371729	-0.219675	3.857321	
-0.010464	-0.022986	-0.130936	2.112821	1.943290	0.085723	-0.059003	1.811521	1.880547	2.155491	-0.324236	1.957273	0.309308	-0.106345	3.832628	
-0.247078	-0.434094	-0.329221	1.932426	1.718402	-0.259594	0.142615	1.879906	1.942475	2.221380	-0.031483	1.998595	-0.001951	-0.200691	3.902824	
-0.182370	0.301616	-0.315872	1.984641	2.139942	-0.211011	-0.435729	1.938343	1.851415	1.806507	-0.376059	1.592211	-0.110904	-0.120246	3.984653	
0.035259	-0.351955	-0.147212	2.182182	1.809639	-0.249695	-0.294296	1.874715	1.907749	1.978711	0.042913	2.131231	-0.245182	-0.203732	4.145908	
-0.144856	-0.106194	0.001387	1.979584	2.095619	-0.074970	-0.172284	2.111418	1.995991	2.062358	-0.152962	1.677851	-0.012319	-0.045013	3.626608	
-0.265233	-0.107179	-0.448185	1.624109	1.834820	-0.213407	0.009638	1.710804	1.899948	1.989125	-0.112905	1.827690	0.027630	-0.352671	4.135746	
0.129219	-0.011458	0.035453	2.133618	2.105782	-0.197076	-0.053648	1.965113	2.022590	1.971643	-0.245194	2.291021	-0.082657	-0.236235	3.915511	
-0.198378	-0.262906	0.031009	1.962488	1.819564	0.033094	-0.075483	1.728848	1.976523	1.894264	-0.015935	1.876589	-0.398564	-0.007195	4.053144	
-0.033933	0.257916	-0.305064	1.924232	1.778491	0.047811	-0.129394	2.104475	1.944621	2.202691	-0.172818	2.103134	-0.239325	-0.319576	3.999927	
-0.092067	-0.013520	-0.071283	1.868931	1.893509	-0.228538	-0.026544	2.047565	1.880580	1.867251	-0.030588	1.657496	-0.048251	-0.185342	3.806677	
-0.032585	-0.159899	-0.322106	1.979749	2.069006	-0.193936	-0.292452	1.872800	1.781861	1.613477	0.166310	1.921373	-0.263550	-0.009231	3.851236	
-0.250546	-0.106452	0.089615	1.933371	2.059993	0.048743	-0.196176	2.017631	2.088409	1.959726	-0.149429	2.098356	-0.054066	-0.117874	3.785656	
-0.136695	-0.282696	-0.118281	2.069934	1.651125	-0.104605	0.246112	1.682965	1.958759	2.180409	-0.467840	2.100593	-0.186856	-0.283412	3.930735	
-0.115903	-0.302514	-0.086397	2.039769	1.865167	-0.157754	-0.523467	1.726573	1.990284	1.980311	-0.086705	1.803278	0.155688	-0.359760	3.909716	
-0.184586	-0.192262	-0.190016	1.625609	1.826984	-0.086271	-0.001611	2.255857	1.951808	1.827983	-0.321525	1.846141	-0.462537	0.086694	4.187478	
0.169753	-0.131989	-0.384539	2.082926	2.181370	-0.267664	-0.122580	1.839618	2.090487	1.980617	0.054064	1.995757	-0.256811	-0.391767	4.034594	
-0.391682	0.107651	-0.270720	1.976713	2.010979	-0.219684	-0.176501	2.120264	1.711258	1.886706	0.084225	2.005877	0.003699	0.263351	3.955436	
-0.252611	-0.767397	-0.110681	1.866491	1.757369	-0.378899	-0.080642	1.782649	1.828159	2.113034	-0.358842	1.804192	0.195797	0.066780	4.174444	
0.091137	-0.115554	-0.238611	1.888596	1.816690	-0.104153	0.053278	1.900669	2.023894	2.007611	-0.186392	2.103920	0.185261	-0.410928	3.811577	
-0.345711	-0.131032	0.054082	1.970324	1.989693	-0.250022	-0.116647	2.026210	1.761608	1.627141	0.009114	1.714449	-0.270151	-0.012193	4.052466	
-0.017536	-0.098517	-0.483112	1.727762	1.775599	-0.096208	-0.034796	1.850997	1.924837	1.792012	-0.276771	1.958538	-0.210757	-0.313155	3.780581	
-0.190077	-0.314548	-0.080443	2.245297	2.141817	-0.267898	-0.303109	1.992331	1.961641	1.957224	-0.058363	1.644292	-0.125598	-0.017620	3.933234	
-0.378924	-0.192879	-0.106637	1.793917	2.015256	-0.341009	-0.094033	2.116614	1.793369	1.876981	0.186221	1.610799	-0.363267	0.043053	3.651352	
0.088381	-0.165209	-0.408800	1.931591	1.992133	-0.031247	-0.246339	1.709710	2.090180	1.854382	-0.207758	1.782797	0.039084	-0.124030	4.224751	
-0.244658	-0.053118	-0.164714	1.629815	2.303795	-0.197599	-0.121941	1.755806	2.065790	2.285031	-0.401442	2.360252	-0.313617	-0.466124	3.891217	
-0.178674	-0.243269	-0.238018	1.973515	1.673740	0.037777	-0.292250	2.064673	1.757426	1.504515	-0.046833	1.955252	0.140129	0.033711	3.959831	
-0.207007	0.055908	0.151205	2.022925	2.039226	-0.414125	0.079625	1.758070	2.149968	2.319428	-0.042187	1.977090	-0.105803	-0.144378	3.994149	
-0.024652	-0.298587	-0.240479	1.853680	1.666415	-0.211077	-0.324983	1.964529	1.773574	1.764480	-0.038690	1.831645	-0.107731	-0.141723	4.259763	
-0.047437	-0.142837	0.059321	1.786801	1.889461	-0.074938	0.343834	1.673887	1.886259	2.106490	-0.338341	1.725624	-0.118238	-0.081396	3.869733	
-0.138063	-0.219332	-0.286463	2.033346	1.921618	0.034123	0.025329	2.265890	2.145094	1.764369	0.017440	1.962001	0.140524	-0.266972	4.221576	
-0.008014	-0.062803	-0.255141	1.946576	2.007911	-0.029803	-0.090459	1.683114	1.905220	2.065221	-0.160566	1.994221	-0.453366	-0.050455	4.193202	
-0.326264	-0.154231	-0.122474	1.702183	1.851242	-0.315516	-0.494839	1.771474	2.194636	1.876751	0.048946	1.772213	0.229788	-0.199143	4.113377	
-0.106874	-0.378868	-0.269328	1.742249	1.810018	-0.150041	-0.127135	1.700109	1.685902	1.936577	-0.325884	2.058394	-0.571875	-0.336223	4.117565	
-0.068162	0.076317	-0.108901	1.600005	1.954284	-0.106112	-0.258079	2.072035	2.104688	2.129695	0.035646	1.780380	0.263930	0.172843	3.825710	
-0.158608	0.064817	-0.189100	2.307219	1.984626	-0.113110	0.083244	2.133763	1.852530	1.721386	0.007693	2.115988	-0.386389	-0.093797	3.964199	
0.135582	-0.520593	-0.127556	1.542938	1.748510	-0.173131	-0.140611	1.820525	1.918992	2.266086	-0.113095	2.051769	-0.134312	-0.206768	3.869777	
-0.292388	-0.371162	-0.261263	1.983419	1.551546	-0.433005	-0.078054	1.949271	1.783611	2.077015	-0.154435	1.782815	0.035899	-0.137524	3.800044	
-0.038922	0.054062	-0.150075	1.961469	2.102708	-0.210708	-0.488199	1.776309	2.283209	1.631294	-0.085997	2.027169	-0.058544	-0.145953	4.319499	
-0.153483	-0.137538	0.040981	1.831160	1.914850	0.123182	0.038783	2.050299	2.119870	1.827393	0.073935	1.977868	-0.226450	0.007416	3.998165	
-0.001465	-0.018085	0.035385	2.111745	1.697741	-0.144224	-0.166234	1.795281	1.852629	2.140122	-0.112619	1.827336	-0.071880	-0.124565	3.993931	
-0.304070	-0.232285	-0.207147	1.976883	2.059104	-0.261673	0.016077	1.620169	1.390655	2.063935	-0.123114	1.861623	-0.203513	-0.201330	3.817869	
-0.035163	-0.040694	-0.097260	1.609174	2.106468	-0.074421	-0.616384	2.275505	2.150535	1.872622	0.029183	1.943267	-0.202265	0.265218	4.261210	
-0.481745	-0.178232	-0.004123	1.770534	1.715238	0.111608	0.006109	1.791491	1.816524	1.751742	-0.268631	2.070231	-0.350286	-0.426055	3.903070	
-0.065758	-0.141940	-0.067286	1.968635	1.789566	0.020657	-0.001386	1.737677	1.863166	1.930178	-0.306112	1.633227	0.035652	-0.173117	3.943531	
0.033133	-0.212530	-0.172913	2.176394	2.004357	-0.669274	-0.090709	1.957670	1.671632	1.874072	-0.103800	1.718771	-0.070127	0.100359	3.701007	
-0.286501	-0.272536	-0.162396	1.652828	1.792905	-0.150108	-0.193757	1.944747	2.000852	1.835854	-0.232649	1.900645	-0.085930	-0.094090	4.358110	
-0.026310	-0.094945	0.013185	2.030499	2.049096	-0.054357	-0.116756	1.696819	2.072408	1.820401	-0.002257	2.344488	-0.113948	-0.459757	3.861973	
-0.196423	-0.181175	-0.245151	1.641592	1.775220	0.094561	-0.216140	1.856594	1.881095	1.937599	-0.240119	1.886778	-0.401118	0.010103	3.979427	
-0.195608	-0.029508	0.077155	1.972448	1.840826	-0.209661	-0.219575	1.872653	1.746607	1.920491	-0.102085	1.852899	-0.146702	-0.326745	3.771732	
-0.146361	-0.156374	0.082416	1.791124	2.079161	0.184186	-0.030603	2.109397	2.196069	2.011197	-0.136717	1.566920	0.076144	0.205727	4.325571	
-0.135633	-0.123216	-0.336238	2.044649	2.051255	-0.326242	0.063400	1.868451	1.860328	2.070770	-0.119566	2.021070	-0.201264	-0.116737	3.901157	
-0.108125	-0.333558	-0.319763	1.752442	1.680387	-0.253222	-0.143962	1.728310	1.757838	2.083342	-0.119309	1.628217	0.241453	-0.395591	3.732821	
0.035961	-0.043753	-0.142771	2.026554	2.241087	-0.085446	-0.176202	2.061466	1.877009	1.828036	-0.028193	1.932700	-0.134137	-0.001789	4.079213	
-0.122689	-0.130917	0.059172	1.848141	1.888723	0.038997	-0.079647	1.932286	2.032968	1.914890	-0.283396	1.921696	-0.729952	-0.121626	3.927178	
0.053286	-0.170402	-0.325084	1.839656	2.059099	-0.385626	-0.132017	1.817569	1.665206	1.661089	-0.278117	1.799347	-0.153539	-0.053141	3.928905	
-0.177767	-0.026191	-0.313462	1.939252	1.749194	-0.074998	0.079946	1.820743	2.142853	2.180125	-0.091337	1.916119	-0.208709	-0.187128	4.088641	
-0.025902	-0.186967	0.046002	2.147119	2.187925	0.077643	-0.161984	2.027838	1.761550	2.007209	-0.231242	1.858522	-0.273756	-0.049911	3.954279	
-0.213774	-0.393568	-0.389681	2.014278	1.517890	-0.003632	-0.076247	2.081684	1.643258	1.712121	-0.027934	1.945323	-0.028240	-0.063544	4.040278	
-0.027421	0.010869	-0.063186	1.711438	2.126796	-0.180410	-0.352309	1.600775	2.033889	1.839782	0.071166	1.748251	-0.210351	-0.427317	3.913450	
-0.336655	-0.349388	-0.339520	2.106031	1.898116	-0.371582	0.151773	2.266447	1.604890	1.742308	-0.510253	1.831616	-0.007320	0.042005	3.520537	
0.083366	0.007018	-0.013775	1.895198	1.901363	-0.126219	0.060684	1.643763	2.406425	2.505614	-0.243998	2.019785	0.220475	-0.219253	4.344422	
-0.247428	-0.139792	-0.078164	2.275595	1.864062	-0.301097	-0.277649	2.196892	1.937939	1.711896	0.126975	1.885578	-0.398756	0.039158	4.062511	
0.026690	-0.323975	-0.022539	1.793525	2.025778	-0.267908	-0.131220	1.589314	1.865916	1.865293	-0.321523	2.005455	-0.138776	-0.269578	3.664139	
-0.424726	-0.159207	-0.499297	2.145313	1.906117	-0.100141	-0.183692	1.929655	1.826507	1.680957	-0.055423	1.656159	-0.127399	-0.220363	4.067279	
-0.056388	-0.004106	-0.077302	1.867971	1.784778	-0.231645	-0.243370	2.174057	1.671803	1.917018	0.093315	2.002210	-0.355155	-0.106656	3.957065	
-0.147278	-0.016993	-0.421144	1.741791	1.752214	-0.050723	0.061272	1.764403	1.933672	2.338214	-0.369493	1.745233	0.191061	-0.070716	4.070935	
-0.387740	-0.138382	0.019247	2.064283	1.643100	-0.476454	-0.101762	1.923094	1.961583	1.917822	-0.222919	2.083964	-0.203315	-0.074008	3.774017	
-0.056125	-0.420832	-0.353728	1.761684	2.134472	0.005004	-0.404465	2.034574	1.945545	1.905281	0.079794	1.873116	-0.193029	-0.454995	4.087460	
-0.213204	-0.057198	0.223943	1.983045	1.635255	-0.049029	0.007919	1.926688	1.983881	1.782024	-0.408739	2.090856	-0.479315	0.077598	3.945483	
-0.022059	-0.186827	-0.477271	2.127167	1.867691	-0.369047	-0.112695	1.982170	1.701306	1.936771	-0.091515	1.771514	-0.089429	-0.277276	4.056770	
-0.258942	-0.033683	-0.009993	1.815313	2.303637	-0.127870	-0.048623	1.947181	1.922782	1.974624	-0.465073	2.043785	0.041048	-0.281371	4.111075	
0.009810	-0.113509	0.020481	2.184702	1.717568	-0.276762	-0.442149	2.009207	2.007039	2.051451	0.303668	1.907193	-0.193962	0.104433	3.946277	
-0.506840	-0.528396	-0.273000	1.552148	1.679518	0.189436	-0.074759	1.712201	2.427642	2.086183	-0.079214	2.378195	-0.185492	-0.165822	4.181130	
0.074895	-0.066260	0.006012	2.290826	2.228107	-0.240667	-0.156524	2.012065	1.881142	1.941771	-0.342507	2.030793	-0.039299	-0.423708	3.988430	
-0.118071	-0.110526	-0.410969	1.954752	1.923133	-0.254581	0.242274	2.127454	1.501255	2.051000	0.002969	1.523528	-0.157443	-0.005257	3.684482	
-0.052683	0.074616	-0.176587	1.975486	2.027973	-0.008830	-0.310456	1.760208	2.011932	1.909276	-0.000127	1.832347	-0.064320	-0.185742	3.951764	
-0.136434	-0.210530	0.227016	1.942506	1.805693	0.004739	-0.196645	1.854310	2.139076	1.914447	0.168901	2.227759	-0.053953	-0.156128	4.160091	
-0.229801	-0.122675	-0.094786	1.967679	1.811190	0.102935	0.025448	2.009560	1.790816	2.027495	-0.502933	1.676541	-0.036205	0.124600	3.995731	
-0.035620	-0.277193	-0.177023	1.944665	2.108129	-0.210694	-0.319782	1.735714	1.967739	1.698112	-0.152490	2.020890	-0.316009	-0.410224	3.819071	
-0.154305	-0.219390	0.031744	1.774804	1.890983	-0.248751	-0.138501	1.983395	2.107563	1.888445	-0.138649	1.996967	-0.026973	-0.086154	3.922829	
-0.245299	0.031961	-0.270334	1.957068	1.671220	0.073181	-0.138646	1.736973	1.829385	1.930239	-0.293192	1.939951	-0.300450	-0.133644	4.055086	
-0.177883	-0.170446	-0.356267	1.923764	2.016868	-0.392121	-0.229120	2.051828	1.847749	1.859095	0.207939	1.713889	0.030591	-0.216057	3.961072	
-0.272468	-0.197291	0.007321	1.862509	1.844309	-0.166679	-0.030079	1.879677	1.848026	1.996312	-0.218231	1.812822	-0.277180	-0.069173	4.045159	
0.089896	0.059440	0.013807	2.232670	2.123219	0.157194	-0.275108	1.950826	2.369559	2.085139	0.046364	1.862704	0.024379	-0.278428	3.951199	
-0.047458	-0.317798	0.086739	1.844533	1.726919	-0.281326	0.075024	2.040373	1.779902	1.775371	0.089848	2.380368	-0.048192	-0.156786	4.385956	
-0.007459	-0.231363	-0.273537	1.692947	1.844641	0.087383	-0.505764	1.784532	2.100508	1.915961	-0.574061	1.713152	-0.226357	-0.135049	3.761557	
-0.498776	-0.289388	-0.091169	1.966363	2.035732	-0.484006	0.002753	1.800134	1.639538	2.071846	0.072946	1.848018	-0.191604	-0.116099	4.177360	
0.129604	0.270418	-0.437224	2.142302	2.111707	-0.091548	0.316030	2.344799	1.985266	1.691294	-0.047166	1.676002	-0.094742	0.058446	3.809411	
-0.176395	0.023620	0.007929	1.992651	2.032042	0.052403	-0.237739	1.682628	1.882362	2.367759	-0.098348	1.841444	0.017227	-0.231574	4.027829	
-0.230474	-0.200306	-0.229233	1.815665	1.671110	-0.021616	-0.183383	1.957759	1.797360	1.918653	-0.195549	1.879614	-0.231422	-0.059523	3.846441	
-0.168372	-0.323683	-0.129279	2.174569	1.768852	-0.189336	-0.105972	1.952307	1.888867	1.718109	-0.117606	2.051843	-0.457820	0.042193	4.323829	
-0.184121	0.053809	-0.119296	1.863678	1.879173	-0.218892	-0.102243	2.054451	1.909221	2.261699	-0.177535	1.633842	-0.045366	0.058597	3.944508	
-0.074984	-0.234707	-0.253816	1.919000	2.048114	-0.258278	-0.094758	2.183203	2.035107	1.736225	-0.139175	1.961500	-0.083250	-0.213588	4.062999	
-0.154098	-0.108654	-0.227575	1.815132	1.877938	0.009778	-0.018715	1.889082	2.147958	2.283056	-0.084159	1.950701	-0.295851	-0.151693	3.839843	
-0.189280	-0.362106	-0.365351	1.948249	1.901693	-0.486825	-0.121911	1.584442	1.653193	1.568275	-0.313377	2.080647	-0.124862	-0.364582	3.950042	
0.068117	-0.191004	-0.095761	1.926728	1.858958	0.106810	-0.057948	2.178865	1.952115	2.024524	-0.437961	1.732493	-0.239491	0.004133	3.853701	
-0.046439	-0.229586	-0.223823	1.915761	1.908582	0.152758	-0.214253	1.741648	1.767957	2.177199	-0.133233	1.975557	-0.285533	-0.068508	3.878473	
-0.222110	-0.054116	-0.067276	2.045048	1.667033	-0.213515	0.041555	2.343276	1.858789	1.916203	0.004929	1.998980	0.100068	-0.062412	4.204777	
-0.056399	0.044321	-0.224959	1.945832	1.973717	-0.253696	-0.170711	1.811889	1.872443	1.903453	-0.101211	1.957390	-0.097833	-0.219223	4.143949	
-0.308770	-0.476732	-0.010632	1.640120	1.947299	-0.174317	-0.165929	2.002811	2.155863	1.640562	0.071190	2.078621	-0.182313	-0.209453	4.071562	
-0.119842	-0.153253	-0.229692	2.045089	1.791966	-0.126817	-0.036430	1.697719	1.768055	1.893006	-0.531654	1.942915	-0.065754	-0.195882	3.735190	
-0.267200	-0.239732	-0.077049	1.824402	1.797289	-0.120807	-0.277070	1.848208	2.238808	1.981826	-0.071195	1.881061	-0.234466	-0.233652	3.999519	
0.120505	-0.103898	-0.202565	1.828045	1.985564	-0.343091	0.208750	2.256878	1.885434	1.806811	-0.084855	2.037012	-0.160158	0.037795	4.026915	
-0.083996	0.042708	-0.050352	2.189139	1.928985	0.000029	-0.188629	1.869837	2.320999	1.857904	-0.161052	1.944156	-0.007282	-0.314595	4.175855	
-0.069944	-0.405484	0.002454	1.700203	1.943542	-0.135635	-0.412127	2.198323	1.647966	1.757946	0.167703	2.030087	-0.045137	-0.216839	3.947454	
-0.098083	-0.257814	-0.085847	2.251650	2.147043	0.130920	0.147423	1.842267	1.978069	1.828702	-0.535578	1.913569	-0.420252	-0.136698	3.687413	
-0.593482	-0.076990	-0.394660	1.847782	1.403316	-0.389420	-0.149414	1.739070	1.964008	1.899778	0.133535	2.044143	0.138954	-0.211524	3.982226	
-0.114115	-0.257279	-0.308466	1.738415	1.913181	-0.097393	-0.173409	1.974270	2.191306	1.823651	-0.187224	1.957984	-0.230893	-0.202537	4.134906	
-0.105129	-0.293965	0.027345	1.985963	1.738541	-0.147542	-0.202846	2.060560	1.721297	1.830000	0.057550	2.001852	-0.280255	0.128205	4.086582	
-0.242161	0.109371	-0.274125	1.783751	1.832760	-0.264450	0.025467	2.168438	1.762083	1.875601	0.105674	2.094932	-0.096293	-0.317945	3.867459	
-0.169539	-0.432744	0.001260	2.181159	2.132857	-0.345722	-0.195434	1.777575	1.974601	1.860365	-0.315001	1.925787	-0.248760	-0.115148	3.669883	
-0.474722	-0.274574	-0.312110	1.865270	1.593037	-0.037231	-0.329305	1.864821	1.869124	1.809067	-0.279063	1.880007	0.110510	-0.020489	3.973105	
0.090314	-0.091863	-0.236214	2.147265	1.992481	-0.320319	-0.104943	1.858728	1.993431	2.120878	0.057855	1.945793	-0.000368	-0.287550	3.627516	
0.048208	-0.305023	-0.525794	1.954792	1.814215	-0.245932	0.110226	2.099540	1.699181	1.778569	-0.168473	1.697722	-0.516010	-0.121649	4.058519	
-0.226147	0.140401	0.065347	1.917687	1.867415	-0.099989	-0.262168	1.686505	2.128755	1.861652	-0.360068	2.086902	0.076877	-0.397798	3.901934	
-0.127137	-0.453296	-0.048319	1.806609	1.955569	0.021708	-0.144079	2.080150	2.058475	2.054644	-0.217686	1.773102	-0.301556	-0.124594	4.147852	
-0.171601	-0.038841	-0.326820	1.808404	1.765839	-0.170914	0.096745	1.850248	1.643311	1.974125	-0.082442	1.879408	-0.098520	0.142463	4.060654	
-0.017207	0.020128	0.120317	1.952791	2.123418	0.030988	0.009936	1.895844	1.877540	1.962751	-0.012496	2.055141	-0.511417	-0.523942	3.822299	
-0.234074	-0.151058	-0.335274	2.129720	1.871510	-0.162961	-0.175118	1.921087	1.884933	1.987841	-0.019025	1.731853	0.133362	-0.067314	3.841820	
-0.096447	-0.312047	-0.189069	2.017329	1.893005	-0.234741	-0.092577	1.903302	1.716200	1.809893	0.024441	1.810727	-0.052984	0.025714	3.933376	
-0.070919	0.151221	-0.051291	1.941353	1.817825	0.272679	-0.101843	1.874285	2.011096	1.797735	-0.387688	1.938473	-0.130288	-0.406712	4.419995	
-0.130343	-0.275635	-0.236317	1.873262	2.159612	-0.402302	-0.095384	2.012854	1.929515	1.921723	-0.090846	2.069434	-0.300116	-0.089083	3.928636	
-0.106403	-0.276871	-0.095651	1.975364	1.905029	-0.084123	-0.174428	1.975169	1.955091	1.994591	-0.301470	1.937942	0.173355	-0.165610	3.917482	
-0.393737	-0.073193	-0.159375	1.957981	1.889291	-0.159307	-0.115807	1.879291	1.778589	1.731838	-0.127782	1.927258	-0.342254	-0.099015	4.010894	
0.274101	-0.038274	-0.355873	2.044038	2.081230	-0.268607	-0.198122	2.054974	1.684935	2.089054	0.172247	1.718791	0.027113	0.013738	3.766287	
-0.351147	-0.028593	0.270911	1.652071	1.770170	-0.029699	0.146630	1.688068	2.210320	1.941658	-0.110704	2.025537	0.012889	-0.258419	4.070276	
0.157586	-0.435415	-0.004616	2.120386	1.729212	-0.041278	-0.129684	1.935697	2.139354	2.030002	-0.338019	2.133516	-0.041294	-0.486985	4.215287	
-0.009409	-0.108712	-0.172575	1.902346	1.719325	-0.352713	-0.028973	1.711076	2.022811	2.172017	-0.242633	2.085352	-0.366302	0.047764	4.190106	
-0.335747	-0.054083	-0.161757	2.105154	1.858099	0.038598	-0.444813	1.811067	1.686389	1.778749	0.059798	1.985398	-0.348101	-0.030686	3.706760	
-0.068894	0.050204	-0.460970	1.860712	1.743009	-0.323517	-0.031015	1.776920	1.807378	2.103724	-0.047650	1.583066	-0.255485	-0.232071	4.063780	
-0.281577	-0.249961	0.023626	1.847724	2.071300	-0.230577	-0.196870	1.728285	1.805591	1.951072	-0.237188	1.826315	0.257624	-0.237657	4.021473	
-0.057771	-0.262854	0.037820	1.877994	1.721301	-0.168580	-0.040022	2.344150	2.032016	1.918737	-0.081469	2.090545	-0.217604	-0.121890	3.910380	
-0.193335	0.088087	-0.275151	2.034293	2.078871	-0.118156	-0.086486	1.635074	1.621554	1.918029	-0.122465	1.905773	0.038858	-0.327021	4.043070	
-0.046835	-0.231482	-0.010273	1.762609	2.251158	-0.364517	-0.173904	1.837098	2.295890	2.024148	-0.396331	1.981154	-0.324122	-0.047368	4.001865	
-0.136719	-0.328362	-0.114986	2.236296	1.488099	-0.306289	-0.210499	1.818126	1.702514	1.903041	-0.152541	2.136984	-0.115118	-0.128473	3.708237	
-0.219462	0.090872	-0.165809	1.557947	2.107884	-0.147942	-0.083901	1.947907	1.987289	1.984578	-0.207347	1.598684	-0.021737	0.231478	4.115379	
-0.089598	-0.035284	0.106824	2.150931	1.974402	-0.320789	-0.352110	2.176393	1.896643	1.636703	0.099600	1.933315	-0.008805	-0.291062	3.985275	
-0.408901	-0.440430	-0.264720	1.678759	1.849261	0.423088	0.059747	1.332689	2.400378	2.140261	-0.572679	2.431765	0.028586	-0.234990	4.318816	
0.305116	-0.234775	-0.109751	2.339836	1.692143	-0.127213	0.123079	1.820095	1.995342	1.961604	-0.255382	1.771241	-0.269004	-0.213611	4.056550	
-0.163779	-0.003711	-0.232802	2.024410	1.907386	-0.019119	-0.217912	2.095372	1.664569	2.049493	0.039728	1.813259	-0.159998	-0.250490	3.566771	
-0.278546	-0.092718	-0.296824	1.715147	1.985664	-0.327229	-0.276179	1.976426	1.895023	1.444924	0.033018	1.751816	-0.089921	0.094627	4.052798	
0.090350	-0.176935	0.001651	2.112217	1.825968	-0.014226	0.115383	1.893961	1.899430	2.126794	-0.278083	1.932090	-0.237880	0.187551	3.999019	
0.034057	-0.182597	-0.145732	2.011384	1.551105	-0.238176	-0.409108	1.960592	1.811288	2.123182	-0.037067	2.069819	0.069191	-0.444691	3.868742	
-0.152059	-0.168878	-0.178577	1.673764	2.193545	-0.257193	0.011521	1.768525	2.036223	1.894805	-0.363765	2.024988	-0.242773	-0.173878	3.854552	
0.068663	-0.143030	-0.045092	1.860001	2.258474	-0.107599	-0.231318	2.261162	1.836686	2.028987	0.026914	1.949911	0.184112	-0.162123	3.906154	
-0.285427	-0.111020	-0.324389	1.852009	1.918487	-0.043385	-0.154903	1.707878	2.317146	1.760198	-0.215966	2.133266	-0.144639	-0.206311	4.003669	
-0.276149	-0.331556	0.027223	1.986081	1.882480	-0.403185	-0.036027	2.039476	1.870288	1.778815	0.133046	1.815205	-0.349365	0.029722	3.827168	
0.015958	-0.084523	-0.138938	1.401565	2.085650	-0.124975	-0.272803	1.545302	1.974624	2.159549	-0.296734	1.655211	-0.276554	-0.385363	4.173057	
-0.039531	-0.273763	-0.352732	2.253829	1.564163	-0.184248	0.303637	1.985256	1.819387	2.101319	-0.185203	1.871703	0.051433	-0.311513	4.006310	
0.070163	0.025961	0.232769	1.980385	1.964034	0.050115	-0.003843	1.993940	2.062050	2.061281	-0.500414	2.162199	-0.131182	0.010231	4.274123	
-0.292492	0.074511	-0.289126	1.973081	2.012208	-0.161764	-0.062646	1.993538	1.884905	2.017820	0.175216	1.928968	-0.097300	0.147407	3.935620	
-0.017552	-0.384492	-0.299858	1.783604	2.020123	-0.181427	-0.337048	1.926494	1.704513	1.530967	0.057620	1.997905	-0.316582	-0.297042	3.883655	
-0.298618	-0.256931	0.166633	1.919756	2.050361	-0.020555	-0.086273	1.715522	1.923532	2.356486	-0.417807	1.894354	0.022507	-0.305857	3.890106	
-0.059578	-0.051358	-0.234364	1.861835	1.786374	-0.521301	0.034846	1.819309	1.712750	1.981443	-0.156364	1.919825	-0.105155	-0.138125	3.799025	
-0.259915	-0.317498	-0.003224	2.008969	1.677165	-0.221603	-0.167906	1.973338	1.898845	1.903112	-0.191845	2.194787	-0.010917	0.063140	4.233006	
-0.399532	-0.043633	-0.151163	1.841413	2.430517	0.385556	-0.485106	1.913373	2.258894	1.970059	0.018565	1.815365	-0.233130	-0.382551	4.177622	
-0.111080	-0.133060	0.020567	1.788140	1.782683	-0.490677	0.087837	2.152424	1.880326	1.870232	-0.237664	1.805240	0.014524	0.046414	3.729171	
0.034202	-0.092511	-0.605974	1.934467	2.265447	-0.087938	0.065935	1.765172	1.715377	1.955600	-0.053264	1.702443	-0.130710	-0.278042	3.931265	
-0.081929	-0.010637	-0.005654	2.219802	1.861289	-0.200332	0.168733	2.072610	1.780548	2.096776	-0.103506	2.139208	0.136597	-0.229301	3.633247	
-0.299008	-0.240069	-0.113496	1.577448	1.794141	0.218448	-0.278151	1.762376	2.145905	1.838641	-0.416590	1.812167	-0.412167	-0.104432	4.271653	
-0.162757	-0.057049	-0.028578	2.118213	2.067374	-0.325819	0.102039	1.945411	1.953799	1.870235	-0.089868	1.783004	0.011092	0.124422	4.353701	
-0.056277	-0.292344	-0.188932	1.762400	1.852955	-0.099251	-0.172402	2.078016	1.922282	2.114442	-0.221688	2.052713	-0.105399	-0.275833	3.795418	
-0.236186	-0.316005	-0.168605	2.001176	1.703870	-0.103705	-0.253883	1.803895	1.586042	1.451702	-0.334606	1.913455	-0.289469	-0.172425	3.802053	
0.035661	0.045210	-0.270991	1.868418	2.095581	-0.095921	-0.163145	1.854663	1.975012	2.059537	0.110599	1.611007	0.029737	-0.220977	3.730801	
-0.401558	0.014952	0.185784	1.790912	1.914197	-0.142109	-0.018772	2.313416	1.784972	1.747133	-0.264270	2.276950	-0.192263	-0.130964	4.390633	
-0.069211	-0.148705	-0.298740	2.046000	1.960749	-0.262118	-0.357875	1.844448	2.048222	2.120315	-0.122732	1.776028	-0.196717	-0.236848	3.900242	
-0.126442	-0.116049	0.023211	1.827925	1.875452	-0.039293	0.018976	1.732728	1.925001	1.998401	-0.219980	2.239212	0.041839	-0.348255	4.067062	
-0.172575	-0.148050	-0.057611	2.118137	1.676775	-0.189351	-0.301464	1.991713	1.514783	1.696237	-0.144835	1.929788	-0.543896	-0.206386	4.107434	
0.013445	-0.320721	-0.519347	1.906488	2.052453	-0.230203	0.064558	1.677228	2.199918	1.744634	-0.503651	1.669602	-0.284650	-0.273268	3.602261	
-0.115923	-0.415548	0.219543	1.865906	1.723164	-0.202778	-0.033567	1.741000	1.708615	1.914204	0.117342	1.971491	0.289258	-0.305425	3.736865	
-0.176456	-0.068005	-0.108493	1.886661	2.127896	0.006733	-0.302072	2.309982	1.979801	2.216150	-0.004093	2.043755	-0.148822	-0.236161	3.538972	
0.094217	-0.161517	-0.253468	2.012643	1.969752	-0.154912	-0.015821	1.756090	1.865643	1.997493	-0.248704	1.659094	-0.056322	0.110737	4.124710	
-0.145896	-0.273878	-0.085649	2.075232	1.550109	-0.391879	-0.158020	2.024023	1.985747	1.820486	0.068720	1.956596	-0.234496	-0.246278	3.623325	
-0.459471	0.001260	-0.349274	1.933795	2.016196	-0.159884	-0.142211	1.615437	1.920282	1.887627	-0.420364	2.055734	-0.040250	0.041625	4.093066	
-0.158403	-0.574633	0.000753	1.801240	1.701656	-0.159326	-0.452032	1.707862	2.045830	1.846791	-0.045442	1.693051	-0.204381	-0.112050	4.086898	
-0.231370	-0.047872	-0.244995	2.087929	1.995720	0.007862	0.065469	2.204989	1.720640	1.949129	-0.021843	2.113231	0.068860	-0.157593	4.024468	
0.046428	-0.047140	-0.148977	1.781138	2.114715	-0.478595	-0.336478	2.076070	1.790153	2.095030	-0.004388	1.826165	-0.321935	-0.096712	3.984810	
-0.208156	-0.213743	0.132366	1.858453	1.744601	0.167992	0.031624	1.865560	2.051085	1.801238	-0.276228	2.027220	0.128964	-0.233461	4.029919	
-0.294927	0.103612	-0.041814	1.772047	1.904201	-0.267623	-0.409667	1.760223	2.081201	1.720878	-0.003740	2.059592	-0.421002	-0.259610	4.118466	
0.110219	-0.231702	-0.351916	2.238317	1.981555	-0.026709	-0.185438	2.085071	1.856635	2.028748	-0.123964	1.512106	0.023219	-0.132675	3.596414	
-0.134549	-0.294777	-0.281894	2.086958	1.771895	-0.287888	0.060688	1.701810	1.714471	1.977582	-0.182386	1.817748	-0.290876	0.018739	3.930426	
-0.247476	-0.058509	-0.202632	1.784599	1.924402	-0.305752	-0.344023	2.102868	1.677395	1.530898	0.046011	1.855742	-0.308557	0.065869	3.849346	
-0.144930	0.115486	-0.336505	1.851798	2.002620	-0.054967	-0.258006	1.538554	2.168828	2.230587	-0.194155	1.982451	0.307812	-0.138857	4.081504	
-0.165561	-0.371704	-0.031921	2.196314	1.790164	-0.036427	-0.015595	1.991769	1.868524	1.945148	-0.169087	1.970532	-0.364372	-0.384941	4.155208	
0.063754	-0.205558	0.105302	1.992600	1.790874	-0.075523	-0.353395	1.927061	1.977424	2.025445	-0.205244	1.852712	-0.195020	-0.128819	3.838570	
-0.277133	-0.187484	-0.392011	1.845075	1.418829	-0.194937	0.040635	1.923153	1.823541	1.549783	-0.195241	2.032945	-0.328612	0.090118	3.989065	
-0.103813	-0.427899	-0.233007	1.732013	1.940480	-0.459149	-0.160659	1.639665	1.731146	2.010837	-0.325473	1.732740	0.171771	-0.486847	3.852549	
-0.184816	-0.126220	-0.399559	1.994074	1.705263	-0.002818	-0.257544	2.039705	1.924722	1.865992	-0.212770	1.791502	-0.205724	-0.141556	3.896573	
0.031057	-0.100073	0.185893	1.939965	2.059716	0.078376	-0.070430	1.825652	2.037355	1.946068	-0.054786	2.213452	-0.340357	-0.296542	4.386208	
-0.077373	-0.135537	-0.159758	1.974997	1.928163	-0.022376	-0.119862	1.872909	1.908853	1.856380	0.150949	2.067806	-0.124106	-0.060113	3.821901	
-0.286238	0.214031	-0.248780	1.886676	2.006351	-0.152568	-0.123536	1.917648	1.947622	1.991160	-0.385756	1.553034	0.059990	0.074858	3.970086	
-0.028011	-0.492665	-0.251397	1.773965	1.780116	-0.413472	-0.161086	1.759916	1.928944	1.893027	-0.069984	1.929858	-0.078304	-0.160781	3.873433	
-0.223921	0.026214	-0.213907	1.804881	1.744575	-0.160432	-0.240547	1.852188	1.865242	1.964984	-0.348779	1.415053	-0.171010	-0.228506	3.992943	
-0.137822	-0.409508	-0.241458	2.058302	2.330597	-0.030311	-0.117068	1.843672	1.933495	1.752933	-0.063507	1.880620	-0.408948	-0.029104	3.817256	
-0.213751	0.083837	0.161778	1.981204	1.963320	-0.315219	0.184362	2.287801	1.847855	2.117836	-0.081975	1.998436	-0.064796	-0.133938	3.918209	
-0.252293	-0.228164	-0.366149	2.119400	1.933565	-0.102586	-0.482466	1.762725	2.128653	1.821736	0.168189	2.109415	-0.142173	-0.189429	4.254698	
-0.262884	-0.199604	0.368280	1.855502	1.717531	-0.151203	0.048940	1.829605	2.206350	2.066096	-0.490699	1.819229	-0.138772	-0.023986	3.907672	
-0.248165	0.061126	-0.408083	1.728053	2.158482	-0.248031	-0.260970	1.703551	1.877368	1.672293	0.028178	1.645807	-0.129117	-0.401832	3.816593	
-0.060954	-0.153370	-0.049070	1.854658	1.707253	-0.158750	-0.327094	1.863674	1.768587	1.914558	-0.118274	1.904282	-0.213446	-0.007328	3.959938	
-0.233016	-0.144870	-0.465844	2.082946	2.101140	-0.280233	0.072801	2.015126	1.866605	2.041828	-0.146939	1.915152	-0.194380	0.072777	3.938425	
-0.113665	-0.396928	0.024091	1.827832	1.967048	-0.008834	-0.308368	1.960082	2.331759	1.886619	-0.217900	2.148694	-0.200766	-0.219909	4.150381	
-0.266514	-0.209140	0.187975	2.057216	2.043879	0.123454	-0.275865	1.905286	1.765732	2.237940	0.031527	1.846709	-0.042012	-0.047347	4.024896	
-0.080239	0.164489	-0.609297	2.107381	1.916612	-0.318086	0.145740	2.012758	1.771660	1.888614	-0.354282	1.532604	-0.038318	-0.059797	3.680076	
0.257920	-0.603366	-0.298697	1.803271	1.836908	-0.325933	-0.226066	1.656890	1.837805	1.965516	-0.055170	1.864952	-0.117710	-0.209517	3.985747	
-0.466507	-0.325302	-0.018034	1.955311	1.486505	-0.080966	-0.108875	2.024812	1.829408	1.687035	-0.304728	1.983913	-0.325227	-0.001856	3.648088	
-0.209414	0.197477	-0.237071	1.577850	2.365667	0.320952	-0.338773	1.851765	2.217006	1.815236	0.028703	1.861032	-0.314804	-0.555936	3.871673	
-0.203381	-0.285359	0.152590	1.994652	1.817868	-0.240917	-0.016116	2.014492	2.179056	1.815356	-0.266821	2.122395	-0.157948	0.016426	4.367036	
-0.046093	0.079005	-0.539162	2.138684	1.748289	-0.220576	0.073963	1.802716	2.035283	2.245193	-0.066319	1.722145	0.199836	-0.288105	3.607936	
0.042882	-0.426736	-0.178688	2.239307	1.933635	-0.237463	-0.007745	1.812709	1.792501	1.944243	-0.129703	2.031663	-0.176055	-0.111514	3.825254	
-0.292853	-0.261890	-0.016268	1.596657	1.728829	-0.253226	-0.333283	1.882889	2.156130	1.819275	-0.038201	1.935098	-0.301630	-0.108924	3.983817	
-0.444870	0.158434	-0.196094	2.062945	1.926634	-0.211883	-0.014683	1.886647	1.654023	2.262564	-0.139113	1.981279	-0.075628	-0.153242	4.177280	
-0.006509	-0.310470	-0.255668	1.848666	2.032867	-0.036219	-0.250169	1.938358	2.220802	1.933579	-0.214620	1.815713	-0.047385	-0.497571	3.777575	
0.009712	-0.312211	0.066207	2.110834	1.751137	-0.067560	0.188107	2.045123	1.709009	1.915017	-0.302085	2.083409	-0.313082	-0.191194	3.875858	
-0.048572	-0.220263	-0.247519	2.004320	1.781101	-0.162218	-0.351615	1.634579	2.028275	1.963165	0.075321	1.939594	-0.127959	0.080879	4.033338	
