0.113425
0.113199
0.112972
0.112745
0.112517
0.112289
0.112061
0.111831
0.111602
0.111372
0.111141
0.110910
0.110679
0.110447
0.110215
0.109982
0.109749
0.109515
0.109281
0.109046
0.108811
0.108575
0.108339
0.108102
0.107865
0.107627
0.107389
0.107151
0.106912
0.106672
0.106432
0.106191
0.105950
0.105709
0.105467
0.105224
0.104981
0.104737
0.104493
0.104249
0.104004
0.103758
0.103512
0.103265
0.103018
0.102770
0.102522
0.102274
0.102024
0.101775
0.101524
0.101273
0.101022
0.100770
0.100518
0.100265
0.100011
0.099757
0.099503
0.099248
0.098992
0.098736
0.098479
0.098222
0.097964
0.097706
0.097447
0.097187
0.096927
0.096667
0.096405
0.096144
0.095881
0.095619
0.095355
0.095091
0.094827
0.094561
0.094296
0.094029
0.093763
0.093495
0.093227
0.092958
0.092689
0.092419
0.092149
0.091878
0.091607
0.091334
0.091062
0.090788
0.090514
0.090240
0.089965
0.089689
0.089412
0.089135
0.088858
0.088579
0.088301
0.088021
0.087741
0.087460
0.087179
0.086897
0.086614
0.086331
0.086047
0.085763
0.085478
0.085192
0.084905
0.084618
0.084331
0.084042
0.083753
0.083463
0.083173
0.082882
0.082590
0.082298
0.082005
0.081711
0.081417
0.081122
0.080826
0.080530
0.080233
0.079935
0.079637
0.079338
0.079038
0.078738
0.078436
0.078135
0.077832
0.077529
0.077225
0.076920
0.076615
0.076309
0.076002
0.075694
0.075386
0.075077
0.074767
0.074457
0.074146
0.073834
0.073521
0.073208
0.072894
0.072579
0.072264
0.071947
0.071630
0.071312
0.070994
0.070674
0.070354
0.070033
0.069712
0.069389
0.069066
0.068742
0.068418
0.068092
0.067766
0.067439
0.067111
0.066782
0.066453
0.066123
0.065792
0.065460
0.065127
0.064794
0.064460
0.064125
0.063789
0.063452
0.063114
0.062776
0.062437
0.062097
0.061756
0.061414
0.061072
0.060728
0.060384
0.060039
0.059693
0.059346
0.058999
0.058650
0.058301
0.057951
0.057599
0.057247
0.056895
0.056541
0.056186
0.055831
0.055474
0.055117
0.054759
0.054400
0.054040
0.053679
0.053317
0.052954
0.052590
0.052226
0.051860
0.051494
0.051126
0.050758
0.050389
0.050018
0.049647
0.049275
0.048902
0.048528
0.048153
0.047777
0.047400
0.047022
0.046643
0.046263
0.045882
0.045500
0.045117
0.044733
0.044349
0.043963
0.043576
0.043188
0.042799
0.042409
0.042018
0.041626
0.041233
0.040839
0.040444
0.040048
0.039650
0.039252
0.038853
0.038452
0.038051
0.037648
0.037245
0.036840
0.036434
0.036028
0.035620
0.035211
0.034800
0.034389
0.033977
0.033563
0.033149
0.032733
0.032316
0.031898
0.031479
0.031059
0.030637
0.030215
0.029791
0.029366
0.028940
0.028513
0.028084
0.027655
0.027224
0.026792
0.026359
0.025924
0.025489
0.025052
0.024614
0.024175
0.023734
0.023292
0.022849
0.022405
0.021960
0.021513
0.021065
0.020616
0.020166
0.019714
0.019261
0.018806
0.018351
0.017894
0.017436
0.016976
0.016515
0.016053
0.015590
0.015125
0.014659
0.014191
0.013723
0.013252
0.012781
0.012308
0.011834
0.011358
0.010881
0.010403
0.009923
0.009442
0.008959
0.008475
0.007990
0.007503
0.007014
0.006525
0.006034
0.005541
0.005047
0.004551
0.004054
0.003556
0.003056
0.002554
0.002051
0.001547
0.001041
0.000533
0.000024
-0.000486
-0.000998
-0.001512
-0.002027
-0.002544
-0.003062
-0.003582
-0.004104
-0.004627
-0.005151
-0.005678
-0.006206
-0.006735
-0.007266
-0.007799
-0.008333
-0.008869
-0.009407
-0.009946
-0.010487
-0.011030
-0.011574
-0.012121
-0.012668
-0.013218
-0.013769
-0.014322
-0.014877
-0.015433
-0.015991
-0.016551
-0.017113
-0.017676
-0.018241
-0.018808
-0.019377
-0.019948
-0.020520
-0.021095
-0.021671
-0.022249
-0.022828
-0.023410
-0.023994
-0.024579
-0.025166
-0.025756
-0.026347
-0.026940
-0.027535
-0.028131
-0.028730
-0.029331
-0.029934
-0.030539
-0.031145
-0.031754
-0.032365
-0.032977
-0.033592
-0.034209
-0.034828
-0.035448
-0.036071
-0.036696
-0.037323
-0.037953
-0.038584
-0.039217
-0.039853
-0.040490
-0.041130
-0.041772
-0.042416
-0.043063
-0.043711
-0.044362
-0.045015
-0.045670
-0.046327
-0.046987
-0.047649
-0.048313
-0.048979
-0.049648
-0.050319
-0.050992
-0.051668
-0.052346
-0.053026
-0.053709
-0.054394
-0.055082
-0.055772
-0.056464
-0.057159
-0.057856
-0.058556
-0.059258
-0.059962
-0.060670
-0.061379
-0.062091
-0.062806
-0.063523
-0.064243
-0.064965
-0.065690
-0.066418
-0.067148
-0.067881
-0.068616
-0.069354
-0.070095
-0.070838
-0.071585
-0.072333
-0.073085
-0.073839
-0.074597
-0.075356
-0.076119
-0.076885
-0.077653
-0.078424
-0.079198
-0.079975
-0.080755
-0.081538
-0.082323
-0.083112
-0.083903
-0.084698
-0.085495
-0.086296
-0.087099
-0.087906
-0.088715
-0.089528
-0.090344
-0.091162
-0.091984
-0.092809
-0.093638
-0.094469
-0.095304
-0.096142
-0.096983
-0.097827
-0.098675
-0.099526
-0.100380
-0.101238
-0.102098
-0.102963
-0.103830
-0.104701
-0.105576
-0.106454
-0.107335
-0.108220
-0.109109
-0.110001
-0.110896
-0.111795
-0.112698
-0.112698
-0.112698
-0.112698
-0.112698
-0.112698
-0.112698
-0.112698
-0.112698
-0.112698
-0.112698
-0.112698
-0.112698
-0.112698
-0.112698
-0.112698
-0.112698
-0.112698
-0.112698
-0.112698
-0.112698
-0.112698
-0.112698
-0.112698
-0.112698
-0.112698
-0.112698
-0.112698
-0.112698
-0.112698
-0.112698
-0.112698
-0.112698
-0.112698
-0.112698
-0.112698
-0.112698
-0.112698
-0.112698
-0.112698
-0.112698
-0.112698
-0.112698
-0.112698
-0.112698
-0.112698
-0.112698
-0.112698
-0.112698
-0.112698
-0.112698
-0.112698
-0.112698
-0.112698
-0.112698
-0.112698
-0.112698
-0.112698
-0.112698
-0.112698
-0.112698
-0.112698
-0.112698
-0.112698
-0.112698
-0.112698
-0.112698
-0.112698
-0.112698
-0.112698
-0.112698
-0.112698
-0.112698
-0.112698
-0.112698
-0.112698
-0.112698
-0.112698
-0.112698
-0.112698
-0.112698
-0.112698
-0.112698
-0.112698
-0.112698
-0.112698
-0.112698
-0.112698
-0.112698
-0.112698
-0.112698
-0.112698
-0.112698
-0.112698
-0.112698
-0.112698
-0.112698
-0.112698
-0.112698
-0.112698
-0.112698
-0.112698
-0.112698
-0.112698
-0.112698
-0.112698
-0.112698
-0.112698
-0.112698
-0.112698
-0.112698
-0.112698
-0.112698
-0.112698
-0.112698
-0.112698
-0.112698
-0.112698
-0.112698
-0.112698
-0.112698
-0.112698
-0.112698
-0.112698
-0.112698
-0.112698
-0.112698
-0.112698
-0.112698
-0.112698
-0.112698
-0.112698
-0.112698
-0.112698
-0.112698
-0.112698
-0.112698
-0.112698
-0.112698
-0.112698
-0.112698
-0.112698
-0.112698
-0.112698
-0.112698
-0.112698
-0.112698
-0.112698
-0.112698
-0.112698
-0.112698
-0.112698
-0.112698
-0.112698
-0.112698
-0.112698
-0.112698
-0.112698
-0.112698
-0.112698
-0.112698
-0.112698
-0.112698
-0.112698
-0.112698
-0.112698
-0.112698
-0.112698
-0.112698
-0.112698
-0.112698
-0.112698
-0.112698
-0.112698
-0.112698
-0.112698
-0.112698
-0.112698
-0.112698
-0.112698
-0.112698
-0.112698
-0.112698
-0.112698
-0.112698
-0.112698
-0.112698
-0.112698
-0.112698
-0.112698
-0.112698
-0.112698
-0.112698
-0.112698
-0.112698
-0.112698
-0.112698
-0.112698
-0.112698
-0.112698
-0.112698
-0.112698
-0.112698
-0.112698
-0.112698
-0.112698
-0.112698
-0.112698
-0.112698
-0.112698
-0.112698
-0.112698
-0.112698
-0.112698
-0.112698
-0.112698
-0.112698
-0.112698
-0.112698
-0.112698
-0.112698
-0.112698
-0.112698
-0.112698
-0.112698
-0.112698
-0.112698
-0.112698
-0.112698
-0.112698
-0.112698
-0.112698
-0.112698
-0.112698
-0.112698
-0.112698
-0.112698
-0.112698
-0.112698
-0.112698
-0.112698
-0.112698
-0.112698
-0.112698
-0.112698
-0.112698
-0.112698
-0.112698
-0.112698
-0.112698
-0.112698
-0.112698
-0.112698
-0.112698
-0.112698
-0.112698
-0.112698
-0.112698
-0.112698
-0.112698
-0.112698
-0.112698
-0.112698
-0.112698
-0.112698
-0.112698
-0.112698
-0.112698
-0.112698
-0.112698
-0.112698
-0.112698
-0.112698
-0.112698
-0.112698
-0.112698
-0.112698
-0.112698
-0.112698
-0.112698
-0.112698
-0.112698
-0.112698
-0.112698
-0.112698
-0.112698
-0.112698
-0.112698
-0.112698
-0.112698
-0.112698
-0.112698
-0.112698
-0.112698
-0.112698
-0.112698
-0.112698
-0.112698
-0.112698
-0.112698
-0.112698
-0.112698
-0.112698
-0.112698
-0.112698
-0.112698
-0.112698
-0.112698
-0.112698
-0.112698
-0.112698
-0.112698
-0.112698
-0.112698
-0.112698
-0.112698
-0.112698
-0.112698
-0.112698
-0.112698
-0.112698
-0.112698
-0.112698
-0.112698
-0.112698
-0.112698
-0.112698
-0.112698
-0.112698
-0.112698
-0.112698
-0.112698
-0.112698
-0.112698
-0.112698
-0.112698
-0.112698
-0.112698
-0.112698
-0.112698
-0.112698
-0.112698
-0.112698
-0.112698
-0.112698
-0.112698
-0.112698
-0.112698
-0.112698
-0.112698
-0.112698
-0.112698
-0.112698
-0.112698
-0.112698
-0.112698
-0.112698
-0.112698
-0.112698
-0.112698
-0.112698
-0.112698
-0.112698
-0.112698
-0.112698
-0.112698
-0.112698
-0.112698
-0.112698
-0.112698
-0.112698
-0.112698
-0.112698
-0.112698
-0.112698
-0.112698
-0.112698
-0.112698
-0.112698
-0.112698
-0.112698
-0.112698
-0.112698
-0.112698
-0.112698
-0.112698
-0.112698
-0.112698
-0.112698
-0.112698
-0.112698
-0.112698
-0.112698
-0.112698
-0.112698
-0.112698
-0.112698
-0.112698
-0.112698
-0.112698
-0.112698
-0.112698
-0.112698
-0.112698
-0.112698
-0.112698
-0.112698
-0.112698
-0.112698
-0.112698
-0.112698
-0.112698
-0.112698
-0.112698
-0.112698
-0.112698
-0.112698
-0.112698
-0.112698
-0.112698
-0.112698
-0.112698
-0.112698
-0.112698
-0.112698
-0.112698
-0.112698
-0.112698
-0.112698
-0.112698
-0.112698
-0.112698
-0.112698
-0.112698
-0.112698
-0.112698
-0.112698
-0.112698
-0.112698
-0.112698
-0.112698
-0.112698
-0.112698
-0.112698
-0.112698
-0.112698
-0.112698
-0.112698
-0.112698
-0.112698
-0.112698
-0.112698
-0.112698
-0.112698
-0.112698
-0.112698
-0.112698
-0.112698
-0.112698
-0.112698
-0.112698
-0.112698
-0.112698
-0.112698
-0.112698
-0.112698
-0.112698
-0.112698
-0.112698
-0.112698
-0.112698
-0.112698
-0.112698
-0.112698
-0.112698
-0.112698
-0.112698
-0.112698
-0.112698
-0.112698
-0.112698
-0.112698
-0.112698
-0.112698
-0.112698
-0.112698
-0.112698
-0.112698
-0.112698
-0.112698
-0.112698
-0.112698
-0.112698
-0.112698
-0.112698
-0.112698
-0.112698
-0.112698
-0.112698
-0.112698
