99.8
2000
0.005000	-0.016598	0.440879
0.010000	-0.014292	0.506640
0.015000	-0.012044	0.313270
0.020000	-0.010195	0.499952
0.025000	-0.007318	0.698062
0.030000	-0.003699	0.678601
0.035000	-0.000444	0.621385
0.040000	0.002807	0.543937
0.045000	0.005920	0.601470
0.050000	0.009016	0.534861
0.055000	0.011384	0.483263
0.060000	0.013823	0.357693
0.065000	0.015510	0.325840
0.070000	0.016875	0.298310
0.075000	0.018836	0.393569
0.080000	0.020133	0.140967
0.085000	0.020083	-0.046344
0.090000	0.019772	-0.044364
0.095000	0.020062	0.149684
0.100000	0.020358	0.007613
0.105000	0.020244	-0.052037
0.110000	0.019863	-0.137566
0.115000	0.019059	-0.110072
0.120000	0.017513	-0.305979
0.125000	0.016040	-0.281393
0.130000	0.014386	-0.452273
0.135000	0.012781	-0.291050
0.140000	0.011192	-0.271666
0.145000	0.009452	-0.370261
0.150000	0.007527	-0.340038
0.155000	0.005930	-0.449972
0.160000	0.003414	-0.355904
0.165000	0.001311	-0.460069
0.170000	-0.000692	-0.406187
0.175000	-0.002787	-0.391723
0.180000	-0.005185	-0.523570
0.185000	-0.007637	-0.428639
0.190000	-0.009447	-0.367046
0.195000	-0.011305	-0.390444
0.200000	-0.013444	-0.397900
0.205000	-0.014896	-0.446438
0.210000	-0.016844	-0.500861
0.215000	-0.019070	-0.449505
0.220000	-0.021146	-0.356637
0.225000	-0.023343	-0.390851
0.230000	-0.025524	-0.414236
0.235000	-0.026979	-0.213774
0.240000	-0.027856	-0.140665
0.245000	-0.028837	-0.115525
0.250000	-0.028848	0.054729
0.255000	-0.028100	0.173652
0.260000	-0.026424	0.252431
0.265000	-0.025011	0.402205
0.270000	-0.022582	0.549952
0.275000	-0.019715	0.567228
0.280000	-0.016834	0.528177
0.285000	-0.013810	0.627292
0.290000	-0.010838	0.699574
0.295000	-0.007421	0.713025
0.300000	-0.003908	0.803512
0.305000	-0.000018	0.768796
0.310000	0.003715	0.601726
0.315000	0.006815	0.752243
0.320000	0.010059	0.719749
0.325000	0.013908	0.789700
0.330000	0.017523	0.720770
0.335000	0.020742	0.701686
0.340000	0.024059	0.616123
0.345000	0.027016	0.517308
0.350000	0.028859	0.405535
0.355000	0.031032	0.434137
0.360000	0.033101	0.388563
0.365000	0.034532	0.211786
0.370000	0.035261	-0.009065
0.375000	0.035169	0.008333
0.380000	0.034997	-0.016554
0.385000	0.035076	-0.203022
0.390000	0.034078	-0.214332
0.395000	0.032973	-0.425483
0.400000	0.030663	-0.565456
0.405000	0.027706	-0.489759
0.410000	0.024777	-0.439270
0.415000	0.022323	-0.546216
0.420000	0.019440	-0.581368
0.425000	0.016309	-0.655958
0.430000	0.013168	-0.571536
0.435000	0.010894	-0.533876
0.440000	0.008250	-0.444356
0.445000	0.005779	-0.475310
0.450000	0.003237	-0.503736
0.455000	0.000752	-0.467537
0.460000	-0.001602	-0.498879
0.465000	-0.004441	-0.459610
0.470000	-0.006560	-0.443757
0.475000	-0.008637	-0.346613
0.480000	-0.009927	-0.174605
0.485000	-0.010209	-0.098938
0.490000	-0.010866	-0.216288
0.495000	-0.012178	-0.307347
0.500000	-0.013377	-0.165089
0.505000	-0.014170	-0.135850
0.510000	-0.014893	-0.090389
0.515000	-0.014909	-0.050031
0.520000	-0.015258	-0.054427
0.525000	-0.015247	0.031603
0.530000	-0.015978	-0.050406
0.535000	-0.016096	-0.066644
0.540000	-0.016499	0.037979
0.545000	-0.016328	0.198186
0.550000	-0.016031	0.085744
0.555000	-0.015371	0.221078
0.560000	-0.014067	0.310754
0.565000	-0.012603	0.294182
0.570000	-0.011331	0.283591
0.575000	-0.009574	0.461589
0.580000	-0.007472	0.354068
0.585000	-0.005372	0.385899
0.590000	-0.003551	0.347959
0.595000	-0.001647	0.417662
0.600000	0.000380	0.340391
0.605000	0.001894	0.339152
0.610000	0.003280	0.303539
0.615000	0.004821	0.271382
0.620000	0.005957	0.182911
0.625000	0.007065	0.185539
0.630000	0.008317	0.255344
0.635000	0.009836	0.318300
0.640000	0.011123	0.129464
0.645000	0.011638	0.052112
0.650000	0.011393	-0.005971
0.655000	0.011027	-0.110718
0.660000	0.010399	-0.022543
0.665000	0.010142	-0.120005
0.670000	0.009681	-0.120197
0.675000	0.008872	-0.166731
0.680000	0.008366	-0.095080
0.685000	0.007755	-0.064522
0.690000	0.007272	-0.004328
0.695000	0.007533	0.117626
0.700000	0.008198	0.034958
0.705000	0.008605	0.107273
0.710000	0.008880	0.007431
0.715000	0.008374	-0.020176
0.720000	0.008187	-0.079785
0.725000	0.008822	0.127591
0.730000	0.008985	0.062225
0.735000	0.009451	-0.014701
0.740000	0.009975	0.059113
0.745000	0.010611	0.060318
0.750000	0.010001	-0.099813
0.755000	0.009894	-0.020289
0.760000	0.009788	-0.061734
0.765000	0.009723	0.048989
0.770000	0.009253	-0.055642
0.775000	0.009101	0.003894
0.780000	0.009390	0.097103
0.785000	0.010107	0.105435
0.790000	0.010318	-0.004376
0.795000	0.010489	0.022693
0.800000	0.010666	0.176659
0.805000	0.011335	-0.013893
0.810000	0.011468	0.050267
0.815000	0.011522	0.177177
0.820000	0.011901	0.010188
0.825000	0.011644	0.128582
0.830000	0.012294	0.152917
0.835000	0.013027	0.240102
0.840000	0.013935	0.157865
0.845000	0.014353	0.081411
0.850000	0.014832	0.069445
0.855000	0.015309	0.142184
0.860000	0.015654	0.057025
0.865000	0.015932	0.054103
0.870000	0.016123	-0.036450
0.875000	0.015818	-0.017128
0.880000	0.015952	0.034160
0.885000	0.015991	-0.004632
0.890000	0.016166	0.039862
0.895000	0.016003	-0.164257
0.900000	0.015049	-0.225680
0.905000	0.014158	-0.179801
0.910000	0.013544	-0.101592
0.915000	0.013296	-0.050347
0.920000	0.012928	-0.021901
0.925000	0.012790	-0.092224
0.930000	0.011462	-0.348621
0.935000	0.009476	-0.438656
0.940000	0.006872	-0.493026
0.945000	0.004434	-0.445382
0.950000	0.002125	-0.407229
0.955000	-0.000075	-0.370466
0.960000	-0.002014	-0.412132
0.965000	-0.003951	-0.459370
0.970000	-0.006374	-0.421647
0.975000	-0.008747	-0.372991
0.980000	-0.010442	-0.312109
0.985000	-0.011570	-0.239219
0.990000	-0.012094	-0.060628
0.995000	-0.012428	-0.112950
1.000000	-0.012846	-0.027917
1.005000	-0.012458	0.173897
1.010000	-0.011169	0.238182
1.015000	-0.010249	0.121035
1.020000	-0.010427	-0.043641
1.025000	-0.010614	0.094047
1.030000	-0.010173	-0.161615
1.035000	-0.011084	-0.120815
1.040000	-0.011220	0.025831
1.045000	-0.010711	0.113186
1.050000	-0.010465	-0.013181
1.055000	-0.009957	0.049664
1.060000	-0.010309	-0.099325
1.065000	-0.011265	-0.153860
1.070000	-0.012239	-0.188227
1.075000	-0.013643	-0.255650
1.080000	-0.014605	-0.193036
1.085000	-0.015142	-0.167216
1.090000	-0.015198	0.044315
1.095000	-0.015055	0.053231
1.100000	-0.015050	0.130090
1.105000	-0.014123	0.278813
1.110000	-0.012740	0.230338
1.115000	-0.011885	0.201392
1.120000	-0.010908	0.284706
1.125000	-0.009556	0.245092
1.130000	-0.008041	0.494457
1.135000	-0.005281	0.659334
1.140000	-0.002168	0.760927
1.145000	0.001777	0.856105
1.150000	0.005613	0.738081
1.155000	0.009695	0.691441
1.160000	0.012640	0.562555
1.165000	0.015497	0.494272
1.170000	0.018142	0.493185
1.175000	0.020435	0.380722
1.180000	0.022610	0.399367
1.185000	0.024640	0.448319
1.190000	0.026737	0.505279
1.195000	0.029125	0.444503
1.200000	0.030861	0.384309
1.205000	0.032556	0.342813
1.210000	0.033974	0.204422
1.215000	0.034970	0.132727
1.220000	0.035211	-0.004598
1.225000	0.035296	0.081007
1.230000	0.035457	0.101659
1.235000	0.036102	0.000546
1.240000	0.035480	-0.075726
1.245000	0.034929	-0.273617
1.250000	0.033539	-0.307859
1.255000	0.031716	-0.361010
1.260000	0.030030	-0.297869
1.265000	0.028344	-0.403400
1.270000	0.026258	-0.447327
1.275000	0.023900	-0.543133
1.280000	0.021271	-0.599849
1.285000	0.017705	-0.728174
1.290000	0.013258	-0.997612
1.295000	0.008172	-1.029978
1.300000	0.002821	-0.997907
1.305000	-0.002131	-0.899291
1.310000	-0.006932	-0.932303
1.315000	-0.011258	-0.934599
1.320000	-0.016303	-0.975933
1.325000	-0.021343	-0.947630
1.330000	-0.025767	-0.833949
1.335000	-0.030017	-0.764392
1.340000	-0.033802	-0.734612
1.345000	-0.037390	-0.656371
1.350000	-0.040555	-0.432126
1.355000	-0.042215	-0.262359
1.360000	-0.043092	-0.079154
1.365000	-0.043182	0.063769
1.370000	-0.042863	0.006191
1.375000	-0.042620	0.142645
1.380000	-0.042174	-0.056480
1.385000	-0.042172	0.089345
1.390000	-0.041813	0.097785
1.395000	-0.040632	0.308817
1.400000	-0.038568	0.587501
1.405000	-0.035751	0.442328
1.410000	-0.033166	0.589164
1.415000	-0.030331	0.558414
1.420000	-0.027498	0.566822
1.425000	-0.024420	0.766611
1.430000	-0.020652	0.875002
1.435000	-0.016395	0.849691
1.440000	-0.011669	0.972569
1.445000	-0.006963	0.759378
1.450000	-0.002758	0.696051
1.455000	0.000711	0.777245
1.460000	0.004874	0.805169
1.465000	0.009082	0.834098
1.470000	0.012622	0.701050
1.475000	0.015831	0.599160
1.480000	0.018033	0.391449
1.485000	0.020048	0.328202
1.490000	0.021218	0.162888
1.495000	0.022162	0.216552
1.500000	0.022842	0.122522
1.505000	0.023427	0.133556
1.510000	0.024526	0.069673
1.515000	0.024441	-0.027184
1.520000	0.024084	-0.131746
1.525000	0.023490	-0.245434
1.530000	0.022616	-0.208841
1.535000	0.022013	-0.028886
1.540000	0.021733	-0.068121
1.545000	0.021532	-0.089623
1.550000	0.020883	-0.104768
1.555000	0.020332	-0.106819
1.560000	0.019342	-0.288833
1.565000	0.017723	-0.255928
1.570000	0.016823	-0.278860
1.575000	0.015645	-0.223111
1.580000	0.014671	-0.172446
1.585000	0.013573	-0.163556
1.590000	0.012752	-0.129465
1.595000	0.012136	-0.169696
1.600000	0.011232	-0.169788
1.605000	0.009950	-0.234324
1.610000	0.008444	-0.372103
1.615000	0.006426	-0.373074
1.620000	0.004806	-0.250178
1.625000	0.003873	-0.276765
1.630000	0.002077	-0.394187
1.635000	0.000257	-0.358838
1.640000	-0.001586	-0.274254
1.645000	-0.002938	-0.216585
1.650000	-0.003539	-0.148882
1.655000	-0.004176	-0.136327
1.660000	-0.005287	-0.087099
1.665000	-0.006084	-0.115263
1.670000	-0.006156	-0.056773
1.675000	-0.006060	0.008333
1.680000	-0.005486	0.024396
1.685000	-0.005293	0.024735
1.690000	-0.005364	-0.035550
1.695000	-0.005315	0.100270
1.700000	-0.004801	-0.038857
1.705000	-0.004943	0.009029
1.710000	-0.004804	0.006896
1.715000	-0.005200	-0.023244
1.720000	-0.005081	0.007291
1.725000	-0.005038	-0.031593
1.730000	-0.005363	0.012311
1.735000	-0.005207	0.031482
1.740000	-0.004942	-0.080212
1.745000	-0.005112	-0.012391
1.750000	-0.004679	0.106891
1.755000	-0.004130	0.105734
1.760000	-0.003176	0.172230
1.765000	-0.002204	0.237543
1.770000	-0.001325	0.254509
1.775000	-0.000571	0.097854
1.780000	0.000079	0.252292
1.785000	0.001285	0.274874
1.790000	0.002005	0.166572
1.795000	0.002765	0.045666
1.800000	0.002812	0.143871
1.805000	0.002850	0.043770
1.810000	0.003366	0.152991
1.815000	0.003784	-0.016845
1.820000	0.003023	-0.135281
1.825000	0.002507	0.027276
1.830000	0.002229	0.046589
1.835000	0.002121	-0.129777
1.840000	0.001941	0.015831
1.845000	0.001806	-0.074659
1.850000	0.001432	-0.148761
1.855000	0.000827	-0.050022
1.860000	0.000419	-0.081252
1.865000	0.000445	0.003456
1.870000	-0.000058	-0.140746
1.875000	-0.001059	-0.121564
1.880000	-0.001811	-0.169807
1.885000	-0.002096	-0.060135
1.890000	-0.002473	0.009189
1.895000	-0.002335	0.029077
1.900000	-0.001955	0.066746
1.905000	-0.001663	0.082117
1.910000	-0.001256	0.129894
1.915000	-0.000819	0.050529
1.920000	-0.000036	0.161354
1.925000	0.000366	0.002441
1.930000	0.000149	-0.040020
1.935000	-0.000036	-0.029722
1.940000	-0.000179	-0.007186
1.945000	0.000116	-0.022933
1.950000	0.000195	-0.039469
1.955000	-0.000086	-0.050199
1.960000	-0.000358	0.040469
1.965000	-0.000666	0.042193
1.970000	-0.000200	0.030689
1.975000	-0.000199	-0.019273
1.980000	-0.000431	-0.125099
1.985000	-0.000987	-0.120790
1.990000	-0.002318	-0.294174
1.995000	-0.003204	-0.185774
2.000000	-0.004290	-0.244400
2.005000	-0.005318	-0.147861
2.010000	-0.006086	-0.172972
2.015000	-0.007439	-0.298444
2.020000	-0.009173	-0.335567
2.025000	-0.010609	-0.229089
2.030000	-0.012277	-0.350542
2.035000	-0.014658	-0.495344
2.040000	-0.016413	-0.440910
2.045000	-0.018281	-0.270170
2.050000	-0.020025	-0.369776
2.055000	-0.022210	-0.399256
2.060000	-0.024551	-0.453544
2.065000	-0.026442	-0.277717
2.070000	-0.027781	-0.120053
2.075000	-0.028990	-0.188808
2.080000	-0.029558	-0.018679
2.085000	-0.029105	0.018890
2.090000	-0.029046	-0.048395
2.095000	-0.029300	0.039410
2.100000	-0.028831	0.152286
2.105000	-0.027718	0.336720
2.110000	-0.025919	0.377232
2.115000	-0.024121	0.280891
2.120000	-0.022987	0.243325
2.125000	-0.021411	0.425640
2.130000	-0.019611	0.386988
2.135000	-0.017294	0.461922
2.140000	-0.015108	0.467561
2.145000	-0.012908	0.496405
2.150000	-0.010495	0.481252
2.155000	-0.008284	0.496658
2.160000	-0.006037	0.356242
2.165000	-0.004451	0.395792
2.170000	-0.002529	0.474428
2.175000	-0.000624	0.429032
2.180000	0.001638	0.263011
2.185000	0.003190	0.189552
2.190000	0.004141	0.281139
2.195000	0.005163	0.127221
2.200000	0.005688	0.186914
2.205000	0.006800	0.208535
2.210000	0.008141	0.285310
2.215000	0.009959	0.222473
2.220000	0.011235	0.277023
2.225000	0.012572	0.264603
2.230000	0.013629	0.273518
2.235000	0.014912	0.274501
2.240000	0.016297	0.287587
2.245000	0.017644	0.224733
2.250000	0.018206	0.172408
2.255000	0.018517	0.079305
2.260000	0.019046	0.173828
2.265000	0.019461	0.000080
2.270000	0.019383	-0.089295
2.275000	0.018985	-0.214428
2.280000	0.017321	-0.350665
2.285000	0.016185	-0.275586
2.290000	0.013990	-0.432062
2.295000	0.011853	-0.495888
2.300000	0.009254	-0.582458
2.305000	0.006208	-0.611700
2.310000	0.002742	-0.706247
2.315000	-0.000113	-0.557564
2.320000	-0.002639	-0.468627
2.325000	-0.004858	-0.385457
2.330000	-0.006281	-0.111354
2.335000	-0.006392	-0.017696
2.340000	-0.006296	-0.012275
2.345000	-0.006085	0.140692
2.350000	-0.005453	0.090780
2.355000	-0.004716	0.019686
2.360000	-0.004212	0.116571
2.365000	-0.003962	0.045869
2.370000	-0.003734	0.114506
2.375000	-0.003731	-0.126575
2.380000	-0.004851	-0.232279
2.385000	-0.006129	-0.152271
2.390000	-0.006898	-0.090702
2.395000	-0.007354	-0.173552
2.400000	-0.008102	-0.069129
2.405000	-0.007814	0.146224
2.410000	-0.006760	0.205307
2.415000	-0.005922	0.098475
2.420000	-0.005354	0.226248
2.425000	-0.004076	0.343042
2.430000	-0.001854	0.364342
2.435000	0.000775	0.527586
2.440000	0.002933	0.357460
2.445000	0.003997	0.267515
2.450000	0.004873	0.203219
2.455000	0.005889	0.227674
2.460000	0.006829	0.072189
2.465000	0.007130	0.033468
2.470000	0.007311	0.112061
2.475000	0.007671	0.068647
2.480000	0.007876	0.031839
2.485000	0.007666	0.048904
2.490000	0.007439	-0.027093
2.495000	0.007495	0.120830
2.500000	0.007943	0.076438
2.505000	0.007722	-0.026027
2.510000	0.007078	-0.111363
2.515000	0.006737	-0.039317
2.520000	0.006707	0.004132
2.525000	0.006814	0.055393
2.530000	0.007548	0.099141
2.535000	0.007686	-0.015895
2.540000	0.007882	0.026134
2.545000	0.007554	-0.124847
2.550000	0.007002	-0.174759
2.555000	0.006573	-0.186695
2.560000	0.006401	0.029660
2.565000	0.006216	-0.079657
2.570000	0.005753	-0.118023
2.575000	0.005073	-0.134376
2.580000	0.004655	-0.039525
2.585000	0.004691	0.001977
2.590000	0.004936	0.091466
2.595000	0.005929	0.143365
2.600000	0.005719	-0.171553
2.605000	0.005146	-0.100346
2.610000	0.004525	0.049012
2.615000	0.005010	0.076674
2.620000	0.004997	0.055745
2.625000	0.005387	0.075229
2.630000	0.006109	0.064626
2.635000	0.007068	0.124272
2.640000	0.007421	0.051510
2.645000	0.007629	0.072616
2.650000	0.008312	0.159887
2.655000	0.009122	0.041005
2.660000	0.009778	0.183231
2.665000	0.010618	0.275059
2.670000	0.011949	0.262157
2.675000	0.012893	0.162987
2.680000	0.012754	-0.116616
2.685000	0.012573	-0.059989
2.690000	0.011427	-0.205942
2.695000	0.010336	-0.202720
2.700000	0.009648	-0.207593
2.705000	0.008801	-0.171248
2.710000	0.007606	-0.099053
2.715000	0.006740	-0.131241
2.720000	0.006101	-0.082313
2.725000	0.006029	-0.036258
2.730000	0.005544	-0.020299
2.735000	0.005055	-0.168189
2.740000	0.004215	-0.176185
2.745000	0.003335	-0.288253
2.750000	0.001391	-0.387905
2.755000	-0.000305	-0.342057
2.760000	-0.002223	-0.401706
2.765000	-0.004144	-0.433325
2.770000	-0.006179	-0.455761
2.775000	-0.008785	-0.480887
2.780000	-0.011308	-0.525676
2.785000	-0.013139	-0.309834
2.790000	-0.014488	-0.290466
2.795000	-0.015745	-0.212114
2.800000	-0.017313	-0.318836
2.805000	-0.018913	-0.273240
2.810000	-0.020125	-0.184726
2.815000	-0.020537	-0.023534
2.820000	-0.020918	-0.088995
2.825000	-0.021171	-0.102665
2.830000	-0.021456	-0.019890
2.835000	-0.021537	0.045152
2.840000	-0.020439	0.190739
2.845000	-0.019607	0.239434
2.850000	-0.018012	0.284337
2.855000	-0.016058	0.492379
2.860000	-0.013623	0.467947
2.865000	-0.011062	0.619433
2.870000	-0.008116	0.573809
2.875000	-0.005493	0.394973
2.880000	-0.003016	0.524151
2.885000	-0.000014	0.675056
2.890000	0.003798	0.813324
2.895000	0.007719	0.854089
2.900000	0.011448	0.668972
2.905000	0.015014	0.653648
2.910000	0.017600	0.404291
2.915000	0.018935	0.202447
2.920000	0.019934	0.200177
2.925000	0.020430	0.080986
2.930000	0.020824	0.027093
2.935000	0.020241	-0.230389
2.940000	0.019034	-0.171674
2.945000	0.017968	-0.246876
2.950000	0.016853	-0.258906
2.955000	0.015319	-0.369864
2.960000	0.013183	-0.461399
2.965000	0.010718	-0.473335
2.970000	0.008017	-0.485542
2.975000	0.005349	-0.410978
2.980000	0.002635	-0.476519
2.985000	0.000217	-0.523796
2.990000	-0.002259	-0.453017
2.995000	-0.004251	-0.353393
3.000000	-0.005905	-0.312791
3.005000	-0.006928	-0.161887
3.010000	-0.007548	0.057722
3.015000	-0.007218	-0.087576
3.020000	-0.007370	-0.134407
3.025000	-0.007207	-0.075865
3.030000	-0.007177	0.112851
3.035000	-0.007106	0.137788
3.040000	-0.006397	0.169490
3.045000	-0.006032	0.147583
3.050000	-0.005378	0.062708
3.055000	-0.005518	0.027458
3.060000	-0.004983	0.057218
3.065000	-0.004811	0.019510
3.070000	-0.005232	-0.062021
3.075000	-0.005409	-0.036053
3.080000	-0.005793	-0.014942
3.085000	-0.005643	0.104894
3.090000	-0.005230	0.138240
3.095000	-0.004332	0.275296
3.100000	-0.002450	0.383004
3.105000	-0.000878	0.248694
3.110000	-0.000210	0.102993
3.115000	0.000615	0.053454
3.120000	0.001478	0.274801
3.125000	0.003102	0.306088
3.130000	0.004345	0.205968
3.135000	0.005734	0.239260
3.140000	0.006559	-0.004421
3.145000	0.006452	0.026654
3.150000	0.006416	0.053883
3.155000	0.007416	0.180432
3.160000	0.008464	0.150554
3.165000	0.008979	-0.084142
3.170000	0.009372	0.027011
3.175000	0.009310	-0.054210
3.180000	0.009038	-0.011499
3.185000	0.008206	-0.156154
3.190000	0.007655	-0.192780
3.195000	0.006643	-0.155374
3.200000	0.005728	-0.157624
3.205000	0.005104	-0.073625
3.210000	0.004199	-0.295808
3.215000	0.002582	-0.335644
3.220000	0.001485	-0.232341
3.225000	0.000854	-0.156716
3.230000	0.000775	-0.012598
3.235000	0.001031	-0.007791
3.240000	0.001120	0.156694
3.245000	0.001858	0.083494
3.250000	0.003022	0.202733
3.255000	0.003607	0.061930
3.260000	0.003969	0.117631
3.265000	0.004425	0.048977
3.270000	0.004664	0.044073
3.275000	0.004940	0.208044
3.280000	0.005758	0.196322
3.285000	0.007074	0.347465
3.290000	0.009316	0.464028
3.295000	0.011994	0.443735
3.300000	0.014092	0.468192
3.305000	0.016268	0.375466
3.310000	0.017591	0.300484
3.315000	0.019429	0.352208
3.320000	0.020880	0.241373
3.325000	0.021780	0.368666
3.330000	0.023107	0.205169
3.335000	0.023618	0.078570
3.340000	0.023481	-0.074239
3.345000	0.023387	-0.110106
3.350000	0.022358	-0.119936
3.355000	0.020930	-0.143789
3.360000	0.020316	-0.133520
3.365000	0.018888	-0.143888
3.370000	0.018100	-0.163110
3.375000	0.017543	-0.201686
3.380000	0.016858	-0.110377
3.385000	0.016432	-0.021734
3.390000	0.016670	-0.016397
3.395000	0.016829	-0.014681
3.400000	0.016521	-0.145199
3.405000	0.015266	-0.228274
3.410000	0.014215	-0.224433
3.415000	0.013219	-0.164906
3.420000	0.012319	-0.259911
3.425000	0.010657	-0.330492
3.430000	0.008738	-0.356841
3.435000	0.007032	-0.350989
3.440000	0.005282	-0.383658
3.445000	0.003448	-0.316276
3.450000	0.001424	-0.440216
3.455000	-0.000665	-0.323126
3.460000	-0.002356	-0.328410
3.465000	-0.003838	-0.176986
3.470000	-0.004709	-0.094329
3.475000	-0.005223	-0.193194
3.480000	-0.005974	-0.151347
3.485000	-0.005944	0.086306
3.490000	-0.005466	0.233878
3.495000	-0.004686	0.193770
3.500000	-0.003970	0.048676
3.505000	-0.004010	-0.049703
3.510000	-0.004215	-0.137581
3.515000	-0.005100	-0.161774
3.520000	-0.005813	-0.129180
3.525000	-0.006738	-0.254328
3.530000	-0.007465	-0.226954
3.535000	-0.009356	-0.344979
3.540000	-0.010482	-0.175998
3.545000	-0.011325	-0.185872
3.550000	-0.011921	-0.116341
3.555000	-0.012201	-0.066240
3.560000	-0.012183	-0.034645
3.565000	-0.012859	-0.166354
3.570000	-0.013267	-0.142840
3.575000	-0.013298	0.078485
3.580000	-0.012807	0.310074
3.585000	-0.011387	0.271464
3.590000	-0.010462	0.208900
3.595000	-0.009437	0.107477
3.600000	-0.008862	0.075569
3.605000	-0.008645	0.067791
3.610000	-0.008137	0.164331
3.615000	-0.007397	0.144274
3.620000	-0.006807	0.056095
3.625000	-0.006844	0.014458
3.630000	-0.006380	0.131081
3.635000	-0.005306	0.308488
3.640000	-0.003734	0.306864
3.645000	-0.002042	0.491642
3.650000	0.000346	0.538952
3.655000	0.002434	0.471529
3.660000	0.004913	0.370777
3.665000	0.006061	0.233877
3.670000	0.006888	0.155626
3.675000	0.007310	0.061305
3.680000	0.007472	-0.073520
3.685000	0.007466	-0.061648
3.690000	0.007387	0.002346
3.695000	0.007679	0.067203
3.700000	0.007952	-0.098324
3.705000	0.007574	-0.133140
3.710000	0.006576	-0.172536
3.715000	0.005697	-0.137603
3.720000	0.005204	-0.044234
3.725000	0.004973	-0.147564
3.730000	0.004325	-0.101700
3.735000	0.003051	-0.271655
3.740000	0.001504	-0.340333
3.745000	-0.000455	-0.275410
3.750000	-0.002064	-0.369489
3.755000	-0.003821	-0.392514
3.760000	-0.005822	-0.394870
3.765000	-0.007916	-0.345396
3.770000	-0.009429	-0.265206
3.775000	-0.010163	-0.056384
3.780000	-0.010969	-0.091294
3.785000	-0.011080	-0.057193
3.790000	-0.011762	-0.056058
3.795000	-0.011422	0.134497
3.800000	-0.010942	0.167422
3.805000	-0.010281	0.184486
3.810000	-0.009477	0.260317
3.815000	-0.008078	0.376408
3.820000	-0.006464	0.307544
3.825000	-0.004901	0.278543
3.830000	-0.003815	0.237867
3.835000	-0.002865	0.054884
3.840000	-0.002379	0.140765
3.845000	-0.001833	0.151663
3.850000	-0.001086	0.013981
3.855000	-0.001008	0.039567
3.860000	-0.000547	0.159617
3.865000	0.000534	0.059130
3.870000	0.000649	0.135718
3.875000	0.001061	0.064602
3.880000	0.001228	0.165229
3.885000	0.002062	0.261791
3.890000	0.003495	0.226520
3.895000	0.004496	0.198761
3.900000	0.005376	0.150829
3.905000	0.005845	0.082941
3.910000	0.006733	0.066638
3.915000	0.007502	0.066996
3.920000	0.007210	-0.031172
3.925000	0.006308	-0.178871
3.930000	0.005732	-0.113743
3.935000	0.004772	-0.274629
3.940000	0.002828	-0.409943
3.945000	0.000135	-0.548360
3.950000	-0.002658	-0.610183
3.955000	-0.005576	-0.368897
3.960000	-0.006712	-0.328549
3.965000	-0.008691	-0.327003
3.970000	-0.010490	-0.290031
3.975000	-0.012412	-0.446705
3.980000	-0.014213	-0.312950
3.985000	-0.015761	-0.445500
3.990000	-0.017538	-0.367262
3.995000	-0.019183	-0.239933
4.000000	-0.019838	-0.135741
4.005000	-0.020713	-0.315502
4.010000	-0.021379	-0.191404
4.015000	-0.021843	-0.017421
4.020000	-0.022583	-0.097342
4.025000	-0.023115	-0.131622
4.030000	-0.023633	-0.091891
4.035000	-0.023860	-0.088085
4.040000	-0.024556	-0.117901
4.045000	-0.025401	0.012063
4.050000	-0.025479	0.005298
4.055000	-0.025062	0.182728
4.060000	-0.024158	0.190197
4.065000	-0.023244	0.265874
4.070000	-0.022127	0.184829
4.075000	-0.021814	0.192112
4.080000	-0.019870	0.383959
4.085000	-0.017551	0.374434
4.090000	-0.015234	0.520546
4.095000	-0.013314	0.454415
4.100000	-0.011367	0.449550
4.105000	-0.008671	0.556659
4.110000	-0.006115	0.474318
4.115000	-0.003885	0.425006
4.120000	-0.001697	0.313233
4.125000	-0.000424	0.201793
4.130000	0.000671	0.127629
4.135000	0.001103	0.071298
4.140000	0.001314	0.086918
4.145000	0.001705	0.045791
4.150000	0.002157	0.090996
4.155000	0.002118	-0.065198
4.160000	0.001939	0.033177
4.165000	0.001940	-0.055584
4.170000	0.001662	-0.210143
4.175000	0.000613	-0.195409
4.180000	-0.000063	-0.326811
4.185000	-0.001556	-0.212377
4.190000	-0.002502	-0.296570
4.195000	-0.004119	-0.191066
4.200000	-0.005303	-0.183114
4.205000	-0.006478	-0.193524
4.210000	-0.007842	-0.198902
4.215000	-0.008624	-0.166886
4.220000	-0.009811	-0.179122
4.225000	-0.010570	-0.193601
4.230000	-0.011471	-0.019327
4.235000	-0.011236	0.078342
4.240000	-0.010969	0.099761
4.245000	-0.010385	0.060916
4.250000	-0.010092	0.030818
4.255000	-0.010339	0.047447
4.260000	-0.010828	-0.139006
4.265000	-0.011287	0.024661
4.270000	-0.010665	0.018558
4.275000	-0.010425	-0.003252
4.280000	-0.009911	0.223581
4.285000	-0.008989	0.213554
4.290000	-0.007979	0.300198
4.295000	-0.006044	0.444147
4.300000	-0.004110	0.441355
4.305000	-0.002405	0.332248
4.310000	-0.000640	0.274334
4.315000	0.000474	0.263902
4.320000	0.002144	0.355078
4.325000	0.003481	0.310811
4.330000	0.004914	0.306538
4.335000	0.006790	0.449334
4.340000	0.008982	0.418682
4.345000	0.010728	0.267744
4.350000	0.011459	0.190845
4.355000	0.012062	0.111708
4.360000	0.012698	0.193564
4.365000	0.013793	0.221335
4.370000	0.015323	0.208705
4.375000	0.016196	0.156143
4.380000	0.016509	-0.042295
4.385000	0.016480	0.063737
4.390000	0.016842	0.008843
4.395000	0.016618	-0.031603
4.400000	0.016185	0.020577
4.405000	0.016684	0.014664
4.410000	0.015596	-0.279676
4.415000	0.013936	-0.341255
4.420000	0.012348	-0.349669
4.425000	0.010548	-0.288531
4.430000	0.009277	-0.237558
4.435000	0.008333	-0.075915
4.440000	0.007449	-0.217926
4.445000	0.006395	-0.382913
4.450000	0.003693	-0.552378
4.455000	0.001123	-0.604361
4.460000	-0.002011	-0.463230
4.465000	-0.004239	-0.548738
4.470000	-0.007103	-0.564971
4.475000	-0.009958	-0.474730
4.480000	-0.011938	-0.320041
4.485000	-0.013281	-0.165892
4.490000	-0.014369	-0.353543
4.495000	-0.015443	-0.227854
4.500000	-0.016954	-0.195344
4.505000	-0.018030	-0.233452
4.510000	-0.018613	-0.128417
4.515000	-0.019272	-0.100259
4.520000	-0.019128	0.053410
4.525000	-0.018355	0.147679
4.530000	-0.017512	0.103852
4.535000	-0.017478	0.052363
4.540000	-0.017086	0.171240
4.545000	-0.016170	0.100826
4.550000	-0.015807	0.008632
4.555000	-0.015806	0.009706
4.560000	-0.015966	0.025887
4.565000	-0.015771	0.033214
4.570000	-0.015544	0.067060
4.575000	-0.014743	0.205016
4.580000	-0.013145	0.214386
4.585000	-0.011474	0.205291
4.590000	-0.010472	0.352164
4.595000	-0.008409	0.315864
4.600000	-0.006974	0.177774
4.605000	-0.006209	0.201708
4.610000	-0.004915	0.260613
4.615000	-0.003750	0.163892
4.620000	-0.003159	0.160373
4.625000	-0.002808	0.081012
4.630000	-0.001993	0.180593
4.635000	-0.001196	0.012470
4.640000	-0.001525	-0.010924
4.645000	-0.000811	0.074591
4.650000	-0.000529	0.075202
4.655000	-0.000103	0.058080
4.660000	-0.000515	-0.039586
4.665000	-0.000414	-0.014049
4.670000	-0.000826	-0.028733
4.675000	-0.000923	0.102562
4.680000	-0.000255	0.064143
4.685000	0.000463	0.221318
4.690000	0.001642	0.260541
4.695000	0.002602	0.216107
4.700000	0.003800	0.361624
4.705000	0.006397	0.598091
4.710000	0.009041	0.475880
4.715000	0.011211	0.452569
4.720000	0.013904	0.505568
4.725000	0.015946	0.233159
4.730000	0.017303	0.217896
4.735000	0.017960	0.085175
4.740000	0.018540	0.129804
4.745000	0.018684	0.022802
4.750000	0.018624	0.078079
4.755000	0.018778	0.016551
4.760000	0.018819	0.006796
4.765000	0.018428	-0.105525
4.770000	0.017394	-0.206102
4.775000	0.016321	-0.160670
4.780000	0.015361	-0.141948
4.785000	0.015048	-0.187645
4.790000	0.013704	-0.257862
4.795000	0.012823	-0.136280
4.800000	0.011259	-0.247704
4.805000	0.010214	-0.226997
4.810000	0.008918	-0.295702
4.815000	0.007917	-0.299607
4.820000	0.006914	-0.344507
4.825000	0.005163	-0.178329
4.830000	0.004859	0.018900
4.835000	0.004848	-0.117371
4.840000	0.003897	-0.097592
4.845000	0.003325	-0.162949
4.850000	0.002443	-0.150124
4.855000	0.001387	-0.279327
4.860000	-0.000499	-0.465736
4.865000	-0.002859	-0.415816
4.870000	-0.004394	-0.328371
4.875000	-0.006162	-0.320020
4.880000	-0.007854	-0.333747
4.885000	-0.009767	-0.304950
4.890000	-0.011480	-0.357326
4.895000	-0.013427	-0.429559
4.900000	-0.015689	-0.431793
4.905000	-0.017472	-0.435220
4.910000	-0.019408	-0.337499
4.915000	-0.020545	-0.229701
4.920000	-0.021273	-0.185768
4.925000	-0.022507	-0.203418
4.930000	-0.023453	-0.252439
4.935000	-0.025154	-0.362634
4.940000	-0.026958	-0.390135
4.945000	-0.028453	-0.358342
4.950000	-0.030236	-0.182525
4.955000	-0.031502	-0.252209
4.960000	-0.032982	-0.311710
4.965000	-0.034414	-0.270533
4.970000	-0.035863	-0.182537
4.975000	-0.037067	-0.197981
4.980000	-0.038099	-0.061337
4.985000	-0.038105	-0.015510
4.990000	-0.037939	0.058302
4.995000	-0.037451	0.225278
5.000000	-0.036378	0.215234
5.005000	-0.034895	0.364769
5.010000	-0.032617	0.614981
5.015000	-0.029316	0.754612
5.020000	-0.025882	0.679984
5.025000	-0.023126	0.656220
5.030000	-0.019282	0.725962
5.035000	-0.015624	0.814525
5.040000	-0.011680	0.750349
5.045000	-0.008283	0.755039
5.050000	-0.004622	0.726760
5.055000	-0.000890	0.655444
5.060000	0.001848	0.516383
5.065000	0.004336	0.646078
5.070000	0.007692	0.717988
5.075000	0.010721	0.564406
5.080000	0.013200	0.568329
5.085000	0.016192	0.573980
5.090000	0.018760	0.472607
5.095000	0.020787	0.337319
5.100000	0.022191	0.280640
5.105000	0.023833	0.387718
5.110000	0.026287	0.236788
5.115000	0.027830	0.141247
5.120000	0.028532	0.077730
5.125000	0.028311	0.026205
5.130000	0.028026	-0.109884
5.135000	0.027429	-0.099716
5.140000	0.026422	-0.306732
5.145000	0.025056	-0.379211
5.150000	0.023013	-0.296733
5.155000	0.021576	-0.415011
5.160000	0.019188	-0.516977
5.165000	0.016036	-0.609410
5.170000	0.012542	-0.771374
5.175000	0.008676	-0.677541
5.180000	0.005513	-0.729840
5.185000	0.001810	-0.854499
5.190000	-0.002297	-0.850227
5.195000	-0.006433	-0.879184
5.200000	-0.010445	-0.699753
5.205000	-0.013775	-0.587003
5.210000	-0.017112	-0.699359
5.215000	-0.020373	-0.569085
5.220000	-0.022816	-0.314102
5.225000	-0.024449	-0.276697
5.230000	-0.025610	-0.283733
5.235000	-0.027521	-0.382209
5.240000	-0.029416	-0.400844
5.245000	-0.031575	-0.420508
5.250000	-0.033153	-0.183628
5.255000	-0.034056	-0.166073
5.260000	-0.034527	-0.047220
5.265000	-0.034643	-0.100539
5.270000	-0.034834	0.042746
5.275000	-0.033983	0.154684
5.280000	-0.033403	-0.033270
5.285000	-0.032990	0.051781
5.290000	-0.032453	0.252739
5.295000	-0.031051	0.209022
5.300000	-0.029721	0.241933
5.305000	-0.028840	0.089889
5.310000	-0.028449	0.186258
5.315000	-0.027410	0.218323
5.320000	-0.026348	0.203638
5.325000	-0.024595	0.409064
5.330000	-0.022237	0.530844
5.335000	-0.019811	0.547280
5.340000	-0.017224	0.511083
5.345000	-0.014862	0.467355
5.350000	-0.011931	0.565705
5.355000	-0.008840	0.685560
5.360000	-0.005470	0.663629
5.365000	-0.001884	0.844920
5.370000	0.002208	0.854045
5.375000	0.006429	0.770455
5.380000	0.010262	0.737983
5.385000	0.013721	0.759030
5.390000	0.016955	0.557175
5.395000	0.019741	0.536546
5.400000	0.022204	0.496031
5.405000	0.024444	0.396942
5.410000	0.025994	0.302358
5.415000	0.026897	0.235311
5.420000	0.027586	0.102595
5.425000	0.027888	0.078228
5.430000	0.028346	-0.058265
5.435000	0.027577	-0.021741
5.440000	0.027236	-0.159863
5.445000	0.026062	-0.280065
5.450000	0.024850	-0.170722
5.455000	0.024172	-0.252143
5.460000	0.023197	-0.042805
5.465000	0.022744	-0.091253
5.470000	0.022354	-0.149863
5.475000	0.021625	-0.243105
5.480000	0.020286	-0.239942
5.485000	0.019045	-0.246259
5.490000	0.017679	-0.358445
5.495000	0.015878	-0.387110
5.500000	0.014025	-0.315464
5.505000	0.012901	-0.284151
5.510000	0.011481	-0.270688
5.515000	0.010365	-0.229303
5.520000	0.009089	-0.206075
5.525000	0.007882	-0.328076
5.530000	0.006036	-0.403027
5.535000	0.004060	-0.437891
5.540000	0.001681	-0.326012
5.545000	0.000114	-0.320780
5.550000	-0.001901	-0.506735
5.555000	-0.004551	-0.607345
5.560000	-0.007361	-0.566265
5.565000	-0.010203	-0.530349
5.570000	-0.012207	-0.463449
5.575000	-0.014011	-0.307243
5.580000	-0.015843	-0.289669
5.585000	-0.017572	-0.382475
5.590000	-0.019363	-0.305037
5.595000	-0.021131	-0.323571
5.600000	-0.022503	-0.155327
5.605000	-0.023192	-0.145725
5.610000	-0.024369	-0.258529
5.615000	-0.025010	-0.096987
5.620000	-0.025376	-0.100177
5.625000	-0.026080	-0.117923
5.630000	-0.027423	-0.200891
5.635000	-0.028334	-0.227884
5.640000	-0.029396	-0.099960
5.645000	-0.029692	-0.060753
5.650000	-0.030142	-0.018391
5.655000	-0.030318	0.174284
5.660000	-0.028727	0.481780
5.665000	-0.026043	0.546012
5.670000	-0.023297	0.624283
5.675000	-0.020648	0.575922
5.680000	-0.017530	0.747244
5.685000	-0.013972	0.817182
5.690000	-0.009789	0.756475
5.695000	-0.005502	0.823547
5.700000	-0.001703	0.774832
5.705000	0.002215	0.745445
5.710000	0.005796	0.713384
5.715000	0.008890	0.523274
5.720000	0.010678	0.411756
5.725000	0.013129	0.395927
5.730000	0.015098	0.482795
5.735000	0.017284	0.387881
5.740000	0.018760	0.378165
5.745000	0.020407	0.365651
5.750000	0.021520	0.236750
5.755000	0.023352	0.384524
5.760000	0.025320	0.371672
5.765000	0.027073	0.332654
5.770000	0.028866	0.343629
5.775000	0.030390	0.286177
5.780000	0.031936	0.513824
5.785000	0.033841	0.342624
5.790000	0.035066	0.081998
5.795000	0.035367	0.091417
5.800000	0.035467	-0.047589
5.805000	0.034971	-0.214898
5.810000	0.033882	-0.251849
5.815000	0.032665	-0.164299
5.820000	0.031639	-0.246835
5.825000	0.029691	-0.519564
5.830000	0.026481	-0.606633
5.835000	0.023847	-0.562245
5.840000	0.020572	-0.830008
5.845000	0.016290	-0.888070
5.850000	0.011986	-0.801523
5.855000	0.008018	-0.863143
5.860000	0.003261	-0.955341
5.865000	-0.001551	-0.886631
5.870000	-0.005981	-0.822967
5.875000	-0.010304	-0.889745
5.880000	-0.014540	-0.824719
5.885000	-0.018181	-0.687216
5.890000	-0.021021	-0.545889
5.895000	-0.023660	-0.456477
5.900000	-0.026081	-0.455531
5.905000	-0.028921	-0.613519
5.910000	-0.032122	-0.582664
5.915000	-0.034394	-0.403120
5.920000	-0.036383	-0.373104
5.925000	-0.037994	-0.314364
5.930000	-0.039141	-0.166376
5.935000	-0.039448	-0.034696
5.940000	-0.039675	-0.013306
5.945000	-0.040176	-0.022142
5.950000	-0.040474	-0.036328
5.955000	-0.040397	-0.087250
5.960000	-0.041085	-0.049754
5.965000	-0.041208	0.034040
5.970000	-0.040773	0.015959
5.975000	-0.040525	0.104569
5.980000	-0.040014	0.210114
5.985000	-0.038254	0.358791
5.990000	-0.036108	0.439034
5.995000	-0.033682	0.511570
6.000000	-0.031456	0.398600
6.005000	-0.028860	0.508119
6.010000	-0.025849	0.646127
6.015000	-0.021936	0.696626
6.020000	-0.018758	0.613911
6.025000	-0.015990	0.497914
6.030000	-0.013049	0.613161
6.035000	-0.009842	0.571681
6.040000	-0.006957	0.507449
6.045000	-0.004634	0.476633
6.050000	-0.002530	0.377480
6.055000	-0.000431	0.390640
6.060000	0.001801	0.441418
6.065000	0.004406	0.657793
6.070000	0.007335	0.595958
6.075000	0.010248	0.579185
6.080000	0.012828	0.544011
6.085000	0.015516	0.527376
6.090000	0.018130	0.522192
6.095000	0.020233	0.389674
6.100000	0.022103	0.392942
6.105000	0.023455	0.299881
6.110000	0.025051	0.332705
6.115000	0.026743	0.223421
6.120000	0.028008	0.190349
6.125000	0.028641	0.224428
6.130000	0.029760	0.142674
6.135000	0.030141	0.042498
6.140000	0.030382	-0.002083
6.145000	0.030309	-0.060549
6.150000	0.029492	-0.244158
6.155000	0.028218	-0.273440
6.160000	0.026495	-0.437477
6.165000	0.024213	-0.407497
6.170000	0.022615	-0.299656
6.175000	0.021198	-0.220442
6.180000	0.020173	-0.202511
6.185000	0.018794	-0.259127
6.190000	0.017159	-0.334483
6.195000	0.015404	-0.429230
6.200000	0.012676	-0.513361
6.205000	0.009228	-0.719227
6.210000	0.006189	-0.636818
6.215000	0.003052	-0.593070
6.220000	0.000178	-0.471337
6.225000	-0.002530	-0.443320
6.230000	-0.004620	-0.414621
6.235000	-0.006646	-0.410515
6.240000	-0.008688	-0.427616
6.245000	-0.010785	-0.246119
6.250000	-0.011958	-0.268953
6.255000	-0.012605	-0.124038
6.260000	-0.013270	-0.316088
6.265000	-0.014404	-0.212134
6.270000	-0.015895	-0.194824
6.275000	-0.016665	-0.113992
6.280000	-0.016859	-0.046406
6.285000	-0.017182	0.018292
6.290000	-0.017051	0.171222
6.295000	-0.016762	0.075091
6.300000	-0.016734	0.000555
6.305000	-0.016771	-0.009649
6.310000	-0.016179	0.077576
6.315000	-0.016069	-0.022241
6.320000	-0.016253	-0.134134
6.325000	-0.017044	-0.040548
6.330000	-0.017891	-0.082884
6.335000	-0.018189	-0.039989
6.340000	-0.018019	-0.050774
6.345000	-0.018606	-0.059024
6.350000	-0.019302	-0.083567
6.355000	-0.019520	-0.016116
6.360000	-0.019793	-0.071798
6.365000	-0.020295	-0.060666
6.370000	-0.020200	0.074675
6.375000	-0.019731	0.065804
6.380000	-0.018772	0.301427
6.385000	-0.017127	0.426625
6.390000	-0.014715	0.451348
6.395000	-0.012007	0.505238
6.400000	-0.008963	0.583000
6.405000	-0.006796	0.492310
6.410000	-0.004300	0.475142
6.415000	-0.001492	0.644354
6.420000	0.001937	0.606875
6.425000	0.004575	0.425002
6.430000	0.006679	0.426325
6.435000	0.008914	0.367947
6.440000	0.010725	0.409837
6.445000	0.012024	0.184952
6.450000	0.013337	0.181704
6.455000	0.014518	0.217012
6.460000	0.015677	0.066425
6.465000	0.015600	0.008262
6.470000	0.015802	0.024903
6.475000	0.016055	0.111276
6.480000	0.016824	0.210482
6.485000	0.018003	0.091681
6.490000	0.018240	0.128941
6.495000	0.018923	0.039959
6.500000	0.018566	0.010805
6.505000	0.018781	0.001048
6.510000	0.019099	0.156777
6.515000	0.019818	0.171082
6.520000	0.020365	0.076703
6.525000	0.020938	0.108357
6.530000	0.021677	0.079500
6.535000	0.022316	0.221404
6.540000	0.023816	0.212545
6.545000	0.024846	0.269750
6.550000	0.026039	0.167806
6.555000	0.027266	0.285393
6.560000	0.029194	0.361096
6.565000	0.031023	0.406816
6.570000	0.032145	0.222792
6.575000	0.032194	-0.066680
6.580000	0.031792	-0.125341
6.585000	0.031233	-0.118037
6.590000	0.030633	-0.185967
6.595000	0.029490	-0.297394
6.600000	0.028159	-0.175498
6.605000	0.027196	-0.270823
6.610000	0.024957	-0.461041
6.615000	0.022727	-0.374991
6.620000	0.020792	-0.353269
6.625000	0.019547	-0.340385
6.630000	0.016972	-0.488662
6.635000	0.014368	-0.369781
6.640000	0.012492	-0.328094
6.645000	0.010923	-0.300695
6.650000	0.009587	-0.298551
6.655000	0.008310	-0.296608
6.660000	0.006635	-0.269806
6.665000	0.004614	-0.338058
6.670000	0.002236	-0.349725
6.675000	0.000186	-0.464585
6.680000	-0.002549	-0.543122
6.685000	-0.005262	-0.468218
6.690000	-0.007324	-0.445437
6.695000	-0.009692	-0.528087
6.700000	-0.011789	-0.398693
6.705000	-0.013751	-0.381921
6.710000	-0.015554	-0.382588
6.715000	-0.017115	-0.332881
6.720000	-0.019175	-0.461608
6.725000	-0.021491	-0.410784
6.730000	-0.023000	-0.501170
6.735000	-0.025789	-0.482419
6.740000	-0.028023	-0.362177
6.745000	-0.029264	-0.313031
6.750000	-0.031085	-0.422628
6.755000	-0.032696	-0.371411
6.760000	-0.034412	-0.276865
6.765000	-0.035932	-0.372606
6.770000	-0.037365	-0.295767
6.775000	-0.039128	-0.252735
6.780000	-0.040080	-0.177487
6.785000	-0.040630	0.017548
6.790000	-0.040711	-0.001071
6.795000	-0.039841	0.142738
6.800000	-0.039719	0.085977
6.805000	-0.039352	0.124723
6.810000	-0.038473	0.090329
6.815000	-0.037518	0.242274
6.820000	-0.035842	0.466958
6.825000	-0.032891	0.513712
6.830000	-0.030226	0.528941
6.835000	-0.027189	0.603211
6.840000	-0.023938	0.735894
6.845000	-0.019959	0.861053
6.850000	-0.015511	0.789601
6.855000	-0.011484	0.883449
6.860000	-0.007324	0.712885
6.865000	-0.004765	0.627706
6.870000	-0.001500	0.612796
6.875000	0.001006	0.511036
6.880000	0.003581	0.560084
6.885000	0.005977	0.525445
6.890000	0.008758	0.668156
6.895000	0.012027	0.566522
6.900000	0.015325	0.619513
6.905000	0.018734	0.772709
6.910000	0.023011	0.800129
6.915000	0.026819	0.796953
6.920000	0.030532	0.708526
6.925000	0.033967	0.600812
6.930000	0.036919	0.542904
6.935000	0.038839	0.426008
6.940000	0.041182	0.321052
6.945000	0.042240	0.158938
6.950000	0.042783	0.071977
6.955000	0.043120	0.217557
6.960000	0.043888	0.203635
6.965000	0.044748	0.195057
6.970000	0.045352	0.103579
6.975000	0.045222	-0.061840
6.980000	0.044746	-0.127175
6.985000	0.043872	-0.269231
6.990000	0.042204	-0.340642
6.995000	0.040334	-0.375938
7.000000	0.037888	-0.555854
7.005000	0.035435	-0.600071
7.010000	0.032693	-0.518813
7.015000	0.029788	-0.644313
7.020000	0.026289	-0.682618
7.025000	0.022877	-0.662304
7.030000	0.019070	-0.781184
7.035000	0.015135	-0.787729
7.040000	0.011169	-1.025912
7.045000	0.006459	-0.950193
7.050000	0.002528	-0.700248
7.055000	-0.001622	-0.846054
7.060000	-0.005753	-0.779042
7.065000	-0.009001	-0.666718
7.070000	-0.012717	-0.698775
7.075000	-0.016011	-0.726954
7.080000	-0.019833	-0.763032
7.085000	-0.023902	-0.644797
7.090000	-0.026919	-0.515867
7.095000	-0.029223	-0.413992
7.100000	-0.031066	-0.363368
7.105000	-0.032587	-0.248138
7.110000	-0.033423	-0.047738
7.115000	-0.033490	0.071328
7.120000	-0.032884	0.135690
7.125000	-0.031929	0.194647
7.130000	-0.031699	0.125750
7.135000	-0.031616	0.009760
7.140000	-0.030762	0.074182
7.145000	-0.030048	0.156708
7.150000	-0.028950	0.178576
7.155000	-0.027676	0.266182
7.160000	-0.026388	0.255147
7.165000	-0.025051	0.252532
7.170000	-0.023563	0.371451
7.175000	-0.021368	0.487867
7.180000	-0.018550	0.651462
7.185000	-0.015822	0.601387
7.190000	-0.012648	0.596112
7.195000	-0.009131	0.691372
7.200000	-0.005491	0.702556
7.205000	-0.002287	0.653061
7.210000	0.000407	0.612416
7.215000	0.003730	0.652400
7.220000	0.007101	0.659447
7.225000	0.010328	0.647700
7.230000	0.013390	0.521844
7.235000	0.015332	0.318024
7.240000	0.016621	0.225164
7.245000	0.017921	0.214829
7.250000	0.018636	0.047344
7.255000	0.018801	-0.016309
7.260000	0.018399	-0.184445
7.265000	0.017687	-0.250433
7.270000	0.016443	-0.288195
7.275000	0.014567	-0.472162
7.280000	0.012230	-0.419529
7.285000	0.010526	-0.357242
7.290000	0.009232	-0.220552
7.295000	0.007937	-0.304973
7.300000	0.006362	-0.349633
7.305000	0.004498	-0.423761
7.310000	0.002161	-0.491273
7.315000	0.000081	-0.471460
7.320000	-0.002271	-0.509978
7.325000	-0.004862	-0.558941
7.330000	-0.007245	-0.531025
7.335000	-0.010254	-0.580365
7.340000	-0.012892	-0.623897
7.345000	-0.016356	-0.696982
7.350000	-0.019494	-0.640514
7.355000	-0.022546	-0.673505
7.360000	-0.025483	-0.579172
7.365000	-0.028342	-0.489361
7.370000	-0.030508	-0.294774
7.375000	-0.031680	-0.230044
7.380000	-0.033299	-0.223938
7.385000	-0.033930	-0.069894
7.390000	-0.033902	0.126999
7.395000	-0.032863	0.188851
7.400000	-0.032096	0.219502
7.405000	-0.031385	0.075493
7.410000	-0.031280	-0.007099
7.415000	-0.030743	0.159475
7.420000	-0.030077	0.193760
7.425000	-0.028905	0.224432
7.430000	-0.027178	0.337990
7.435000	-0.024572	0.656889
7.440000	-0.021058	0.619740
7.445000	-0.018023	0.575232
7.450000	-0.015159	0.593900
7.455000	-0.012857	0.462071
7.460000	-0.010420	0.427927
7.465000	-0.008065	0.511782
7.470000	-0.005757	0.400823
7.475000	-0.003119	0.602300
7.480000	-0.000044	0.571804
7.485000	0.002598	0.599398
7.490000	0.005496	0.575442
7.495000	0.008331	0.486221
7.500000	0.010950	0.560504
7.505000	0.013041	0.505909
7.510000	0.014509	0.238114
7.515000	0.015520	0.189262
7.520000	0.016505	0.346118
7.525000	0.017936	0.331101
7.530000	0.019328	0.333817
7.535000	0.019998	0.205485
7.540000	0.021202	0.100827
7.545000	0.021460	0.014155
7.550000	0.020957	-0.139279
7.555000	0.020290	-0.278289
7.560000	0.019557	-0.078825
7.565000	0.018724	-0.117331
7.570000	0.017773	-0.165908
7.575000	0.016671	-0.225060
7.580000	0.015600	-0.225541
7.585000	0.013734	-0.408443
7.590000	0.011221	-0.477167
7.595000	0.008772	-0.541194
7.600000	0.006102	-0.572759
7.605000	0.003095	-0.629909
7.610000	-0.000298	-0.646446
7.615000	-0.003408	-0.547807
7.620000	-0.006927	-0.690305
7.625000	-0.010149	-0.644191
7.630000	-0.013113	-0.546172
7.635000	-0.016445	-0.740866
7.640000	-0.019529	-0.627332
7.645000	-0.022783	-0.600750
7.650000	-0.025530	-0.488143
7.655000	-0.027180	-0.259239
7.660000	-0.029103	-0.287970
7.665000	-0.030228	-0.217489
7.670000	-0.032138	-0.447420
7.675000	-0.034234	-0.403480
7.680000	-0.036339	-0.306480
7.685000	-0.037714	-0.264764
7.690000	-0.039043	-0.074312
7.695000	-0.038919	0.004681
7.700000	-0.038161	0.162427
7.705000	-0.037396	0.249583
7.710000	-0.035647	0.430901
7.715000	-0.033447	0.479227
7.720000	-0.030989	0.568621
7.725000	-0.027719	0.655184
7.730000	-0.024323	0.721984
7.735000	-0.020291	0.872964
7.740000	-0.016593	0.767922
7.745000	-0.012840	0.719230
7.750000	-0.009799	0.761780
7.755000	-0.006413	0.642970
7.760000	-0.003538	0.588133
7.765000	-0.000574	0.514980
7.770000	0.001776	0.400126
7.775000	0.003558	0.217024
7.780000	0.005232	0.283355
7.785000	0.006384	0.233603
7.790000	0.006902	0.128315
7.795000	0.007370	0.150368
7.800000	0.007587	0.076249
7.805000	0.007952	0.027618
7.810000	0.007878	0.021379
7.815000	0.008067	0.162414
7.820000	0.009107	0.295146
7.825000	0.010280	0.238382
7.830000	0.011344	0.207178
7.835000	0.012400	0.083918
7.840000	0.013257	0.183097
7.845000	0.014577	0.265817
7.850000	0.016440	0.456028
7.855000	0.018261	0.481492
7.860000	0.019989	0.449882
7.865000	0.022024	0.402272
7.870000	0.024092	0.380856
7.875000	0.025988	0.360394
7.880000	0.027369	0.150314
7.885000	0.028215	0.146426
7.890000	0.028932	-0.010406
7.895000	0.028452	-0.149259
7.900000	0.027663	-0.077289
7.905000	0.026664	-0.344675
7.910000	0.024711	-0.553039
7.915000	0.021318	-0.665203
7.920000	0.018204	-0.750058
7.925000	0.014355	-0.696181
7.930000	0.011435	-0.510144
7.935000	0.008635	-0.656560
7.940000	0.005974	-0.586104
7.945000	0.003213	-0.569539
7.950000	0.001110	-0.496173
7.955000	-0.001814	-0.540163
7.960000	-0.004321	-0.434494
7.965000	-0.006364	-0.526108
7.970000	-0.009020	-0.598880
7.975000	-0.011731	-0.526049
7.980000	-0.014499	-0.518815
7.985000	-0.016571	-0.383156
7.990000	-0.018326	-0.338057
7.995000	-0.020035	-0.239208
8.000000	-0.020937	-0.133014
8.005000	-0.021592	-0.100612
8.010000	-0.021731	0.077740
8.015000	-0.020898	0.148842
8.020000	-0.020661	0.034269
8.025000	-0.020160	0.036615
8.030000	-0.019753	0.039652
8.035000	-0.019526	0.040204
8.040000	-0.018909	0.146555
8.045000	-0.018219	0.077028
8.050000	-0.017357	0.185568
8.055000	-0.016126	0.276984
8.060000	-0.014207	0.515491
8.065000	-0.011855	0.385126
8.070000	-0.010272	0.312649
8.075000	-0.008547	0.428402
8.080000	-0.006405	0.369787
8.085000	-0.004561	0.404231
8.090000	-0.002679	0.396916
8.095000	-0.001253	0.300224
8.100000	0.000081	0.386567
8.105000	0.001857	0.286928
8.110000	0.003495	0.271800
8.115000	0.005057	0.362332
8.120000	0.006799	0.343562
8.125000	0.008391	0.335336
8.130000	0.009377	0.178078
8.135000	0.010421	0.162805
8.140000	0.011524	0.107031
8.145000	0.011845	0.071867
8.150000	0.012069	0.147358
8.155000	0.012269	0.064610
8.160000	0.012052	0.028687
8.165000	0.011973	0.006917
8.170000	0.011670	-0.005276
8.175000	0.011591	-0.094181
8.180000	0.011107	-0.102121
8.185000	0.010276	-0.214729
8.190000	0.009266	-0.164654
8.195000	0.008276	-0.292225
8.200000	0.007232	-0.301198
8.205000	0.005666	-0.328585
8.210000	0.004494	-0.217517
8.215000	0.003538	-0.037623
8.220000	0.003791	0.058583
8.225000	0.003718	0.016021
8.230000	0.003936	0.042286
8.235000	0.003564	-0.047211
8.240000	0.002771	-0.204232
8.245000	0.002255	-0.023872
8.250000	0.001853	-0.157165
8.255000	0.000953	-0.226418
8.260000	-0.000047	-0.188919
8.265000	-0.001161	-0.383369
8.270000	-0.003694	-0.538192
8.275000	-0.006638	-0.516877
8.280000	-0.008431	-0.232522
8.285000	-0.009819	-0.307466
8.290000	-0.011134	-0.327671
8.295000	-0.012417	-0.344011
8.300000	-0.014429	-0.408240
8.305000	-0.016384	-0.395311
8.310000	-0.018159	-0.382913
8.315000	-0.019387	-0.301802
8.320000	-0.020931	-0.282642
8.325000	-0.022009	-0.145911
8.330000	-0.022203	-0.102793
8.335000	-0.022475	-0.163309
8.340000	-0.022713	0.081481
8.345000	-0.022294	0.262670
8.350000	-0.021557	0.245534
8.355000	-0.020580	0.260713
8.360000	-0.019187	0.272599
8.365000	-0.017810	0.240845
8.370000	-0.015981	0.487591
8.375000	-0.013284	0.548969
8.380000	-0.010612	0.619033
8.385000	-0.007582	0.634811
8.390000	-0.004027	0.698678
8.395000	-0.000706	0.625731
8.400000	0.002129	0.652312
8.405000	0.005064	0.592999
8.410000	0.007816	0.576604
8.415000	0.010519	0.528240
8.420000	0.013119	0.604344
8.425000	0.015875	0.596073
8.430000	0.018882	0.599913
8.435000	0.021979	0.493436
8.440000	0.023979	0.304371
8.445000	0.025160	0.222889
8.450000	0.026487	0.313000
8.455000	0.027856	0.251491
8.460000	0.028628	0.095620
8.465000	0.029826	0.092137
8.470000	0.030388	0.134220
8.475000	0.031677	0.219587
8.480000	0.032444	0.120577
8.485000	0.033296	0.121093
8.490000	0.033676	0.007604
8.495000	0.033133	-0.047943
8.500000	0.033070	0.000938
8.505000	0.032344	-0.255457
8.510000	0.030608	-0.416724
8.515000	0.028142	-0.480128
8.520000	0.025773	-0.453510
8.525000	0.023352	-0.465892
8.530000	0.020980	-0.491097
8.535000	0.017793	-0.634541
8.540000	0.014415	-0.702573
8.545000	0.010412	-0.789103
8.550000	0.006909	-0.755957
8.555000	0.002855	-0.817674
8.560000	-0.001394	-0.818964
8.565000	-0.005139	-0.778568
8.570000	-0.009154	-0.756065
8.575000	-0.012798	-0.763881
8.580000	-0.016298	-0.532837
8.585000	-0.019099	-0.529946
8.590000	-0.021411	-0.455457
8.595000	-0.023751	-0.301790
8.600000	-0.025021	-0.194912
8.605000	-0.025427	-0.050578
8.610000	-0.026005	-0.249251
8.615000	-0.026937	-0.064538
8.620000	-0.027570	-0.111685
8.625000	-0.028198	-0.118925
8.630000	-0.029005	-0.101693
8.635000	-0.029030	0.073254
8.640000	-0.028446	0.211804
8.645000	-0.027842	0.088617
8.650000	-0.027562	-0.010352
8.655000	-0.027393	0.005205
8.660000	-0.026955	0.122097
8.665000	-0.026634	0.079313
8.670000	-0.026644	0.074670
8.675000	-0.026389	0.112463
8.680000	-0.026117	0.103686
8.685000	-0.025482	0.181120
8.690000	-0.025146	0.015074
8.695000	-0.025129	0.054996
8.700000	-0.024838	0.080055
8.705000	-0.024364	0.168159
8.710000	-0.023249	0.252530
8.715000	-0.021885	0.290104
8.720000	-0.020350	0.242781
8.725000	-0.019981	0.047259
8.730000	-0.019457	0.133801
8.735000	-0.018657	0.291853
8.740000	-0.017166	0.229735
8.745000	-0.016239	0.174733
8.750000	-0.015619	0.164245
8.755000	-0.014625	0.160013
8.760000	-0.014095	0.137067
8.765000	-0.012963	0.144754
8.770000	-0.012176	0.197657
8.775000	-0.011219	0.172271
8.780000	-0.010772	0.112692
8.785000	-0.009909	0.167626
8.790000	-0.009230	0.069983
8.795000	-0.009191	-0.027860
8.800000	-0.009414	-0.103767
8.805000	-0.009649	-0.024864
8.810000	-0.010118	-0.059890
8.815000	-0.010291	-0.050743
8.820000	-0.010609	-0.092760
8.825000	-0.011775	-0.155959
8.830000	-0.012482	-0.091334
8.835000	-0.012963	-0.036660
8.840000	-0.012897	0.130498
8.845000	-0.011957	0.236058
8.850000	-0.010690	0.165421
8.855000	-0.009585	0.258337
8.860000	-0.008521	0.149260
8.865000	-0.007384	0.310878
8.870000	-0.004779	0.480434
8.875000	-0.002444	0.598830
8.880000	0.000459	0.481875
8.885000	0.002696	0.394834
8.890000	0.004819	0.431586
8.895000	0.007185	0.578854
8.900000	0.010506	0.720303
8.905000	0.013716	0.691119
8.910000	0.016768	0.548530
8.915000	0.019340	0.449671
8.920000	0.022138	0.461532
8.925000	0.024011	0.234646
8.930000	0.025549	0.238089
8.935000	0.026395	0.092488
8.940000	0.027285	0.154705
8.945000	0.028466	0.196975
8.950000	0.029365	0.173232
8.955000	0.030117	0.181660
8.960000	0.030964	0.128931
8.965000	0.031532	0.126038
8.970000	0.031773	0.041989
8.975000	0.031474	-0.147940
8.980000	0.030661	-0.139564
8.985000	0.029907	-0.111545
8.990000	0.029660	0.002662
8.995000	0.029202	-0.150607
9.000000	0.027272	-0.297061
9.005000	0.025692	-0.305744
9.010000	0.024073	-0.341220
9.015000	0.022125	-0.306641
9.020000	0.020421	-0.340747
9.025000	0.018550	-0.343857
9.030000	0.016456	-0.246412
9.035000	0.015010	-0.396397
9.040000	0.013039	-0.407716
9.045000	0.010415	-0.564824
9.050000	0.007637	-0.431359
9.055000	0.005766	-0.354178
9.060000	0.003678	-0.377733
9.065000	0.002247	-0.400147
9.070000	-0.000115	-0.502412
9.075000	-0.003104	-0.593077
9.080000	-0.006357	-0.518592
9.085000	-0.008924	-0.519442
9.090000	-0.011383	-0.484385
9.095000	-0.013904	-0.419486
9.100000	-0.015985	-0.317430
9.105000	-0.017363	-0.274126
9.110000	-0.018689	-0.290960
9.115000	-0.020489	-0.294766
9.120000	-0.021206	-0.074181
9.125000	-0.021083	0.050641
9.130000	-0.020286	0.284339
9.135000	-0.018657	0.407229
9.140000	-0.016631	0.379209
9.145000	-0.014163	0.464500
9.150000	-0.011967	0.391361
9.155000	-0.010268	0.385767
9.160000	-0.008780	0.339789
9.165000	-0.007391	0.271096
9.170000	-0.005903	0.222777
9.175000	-0.004545	0.311904
9.180000	-0.002934	0.321279
9.185000	-0.001804	0.076650
9.190000	-0.001229	0.141004
9.195000	-0.000444	0.071100
9.200000	0.000699	0.243857
9.205000	0.001886	0.296375
9.210000	0.002790	0.182893
9.215000	0.003308	0.048574
9.220000	0.003384	0.038227
9.225000	0.003493	-0.120059
9.230000	0.002549	-0.194965
9.235000	0.001306	-0.194471
9.240000	0.000665	-0.055048
9.245000	-0.000060	-0.125860
9.250000	-0.001192	-0.190987
9.255000	-0.002260	-0.282200
9.260000	-0.003686	-0.237772
9.265000	-0.004593	-0.141096
9.270000	-0.005214	-0.071999
9.275000	-0.006034	-0.081900
9.280000	-0.006429	0.002792
9.285000	-0.006721	-0.007712
9.290000	-0.006593	-0.035619
9.295000	-0.006283	0.092762
9.300000	-0.005047	0.162967
9.305000	-0.004332	0.116269
9.310000	-0.003892	0.103167
9.315000	-0.003302	0.165183
9.320000	-0.002386	0.150593
9.325000	-0.002327	0.002056
9.330000	-0.002777	-0.007726
9.335000	-0.003115	-0.089336
9.340000	-0.003719	-0.128769
9.345000	-0.004188	-0.144588
9.350000	-0.004790	-0.153405
9.355000	-0.004916	0.025155
9.360000	-0.005137	0.022486
9.365000	-0.005637	-0.021771
9.370000	-0.007089	-0.210155
9.375000	-0.008396	-0.361249
9.380000	-0.010429	-0.325030
9.385000	-0.012042	-0.225279
9.390000	-0.012626	-0.065011
9.395000	-0.012246	0.100727
9.400000	-0.012643	-0.009095
9.405000	-0.012908	-0.129924
9.410000	-0.013056	-0.133123
9.415000	-0.013573	-0.120953
9.420000	-0.014208	-0.195080
9.425000	-0.014955	-0.200927
9.430000	-0.016043	-0.189100
9.435000	-0.016256	-0.001799
9.440000	-0.016721	-0.090734
9.445000	-0.017187	-0.007839
9.450000	-0.017240	-0.060038
9.455000	-0.018058	-0.137515
9.460000	-0.018525	0.009782
9.465000	-0.017848	0.216888
9.470000	-0.017016	0.252082
9.475000	-0.015811	0.152314
9.480000	-0.014991	0.246867
9.485000	-0.013735	0.279019
9.490000	-0.012299	0.276166
9.495000	-0.010937	0.112204
9.500000	-0.010355	0.157332
9.505000	-0.009565	0.177196
9.510000	-0.008644	0.175799
9.515000	-0.007395	0.127666
9.520000	-0.007226	-0.030847
9.525000	-0.007575	-0.050451
9.530000	-0.007314	-0.001639
9.535000	-0.006831	0.026171
9.540000	-0.006785	-0.137273
9.545000	-0.007240	-0.156032
9.550000	-0.007658	-0.116183
9.555000	-0.008760	-0.255101
9.560000	-0.009926	-0.220124
9.565000	-0.010834	-0.090818
9.570000	-0.011691	-0.259158
9.575000	-0.012923	-0.249500
9.580000	-0.014519	-0.279911
9.585000	-0.015636	-0.248464
9.590000	-0.016484	-0.229277
9.595000	-0.017583	-0.192670
9.600000	-0.018024	-0.128042
9.605000	-0.018652	-0.225120
9.610000	-0.019361	-0.075012
9.615000	-0.018998	0.117179
9.620000	-0.017939	0.310685
9.625000	-0.016804	0.293576
9.630000	-0.015480	0.290509
9.635000	-0.013795	0.354005
9.640000	-0.011789	0.301046
9.645000	-0.009317	0.501060
9.650000	-0.006876	0.526251
9.655000	-0.003702	0.591407
9.660000	-0.001001	0.424186
9.665000	0.000442	0.312536
9.670000	0.001783	0.214590
9.675000	0.002532	0.113597
9.680000	0.003228	-0.034946
9.685000	0.003258	0.062587
9.690000	0.003585	0.028526
9.695000	0.003734	-0.046175
9.700000	0.003954	0.056475
9.705000	0.003841	0.030908
9.710000	0.004049	0.017871
9.715000	0.004469	0.052910
9.720000	0.004446	-0.085700
9.725000	0.003586	-0.150255
9.730000	0.002626	-0.279632
9.735000	0.001005	-0.261238
9.740000	-0.000302	-0.150966
9.745000	-0.000643	-0.050352
9.750000	-0.001256	-0.146386
9.755000	-0.001744	-0.118793
9.760000	-0.001806	0.026350
9.765000	-0.001396	0.075601
9.770000	-0.001098	0.068219
9.775000	-0.000745	0.158885
9.780000	0.000023	0.228698
9.785000	0.001049	0.248718
9.790000	0.001897	0.169340
9.795000	0.002613	0.077377
9.800000	0.002689	-0.023729
9.805000	0.002606	-0.083525
9.810000	0.002871	0.111462
9.815000	0.003893	0.213960
9.820000	0.004473	0.149589
9.825000	0.005345	0.199119
9.830000	0.006143	0.112162
9.835000	0.006907	0.023567
9.840000	0.007088	-0.034318
9.845000	0.006298	-0.205140
9.850000	0.005665	-0.038903
9.855000	0.005304	-0.020637
9.860000	0.005381	0.088630
9.865000	0.005577	0.055115
9.870000	0.005658	-0.071344
9.875000	0.004838	-0.113833
9.880000	0.004561	-0.193177
9.885000	0.003492	-0.102587
9.890000	0.003189	-0.119818
9.895000	0.002315	-0.220694
9.900000	0.000915	-0.287378
9.905000	-0.000452	-0.270808
9.910000	-0.001274	-0.138313
9.915000	-0.001525	0.022303
9.920000	-0.001419	0.167085
9.925000	-0.000580	0.249593
9.930000	0.000910	0.310586
9.935000	0.002484	0.170172
9.940000	0.002889	0.045498
9.945000	0.002795	-0.007982
9.950000	0.002697	0.016684
9.955000	0.002615	-0.052232
9.960000	0.002699	0.060750
9.965000	0.002454	-0.036868
9.970000	0.002183	-0.072044
9.975000	0.001615	-0.128887
9.980000	0.001110	-0.202653
9.985000	0.000481	-0.167078
9.990000	-0.000078	-0.196907
9.995000	-0.000908	-0.117215
10.000000	-0.001757	-0.100327
