2.75
2000
0.005000	0.010348	0.480894
0.010000	0.013004	0.499651
0.015000	0.015559	0.504172
0.020000	0.018482	0.663329
0.025000	0.022256	0.650018
0.030000	0.025386	0.486632
0.035000	0.027197	0.167819
0.040000	0.027579	0.133862
0.045000	0.027708	0.148112
0.050000	0.028450	0.206638
0.055000	0.029340	0.149590
0.060000	0.031159	0.405499
0.065000	0.032305	0.178491
0.070000	0.032277	-0.079889
0.075000	0.032204	-0.121727
0.080000	0.030239	-0.298469
0.085000	0.029194	-0.333956
0.090000	0.026725	-0.349882
0.095000	0.025126	-0.262316
0.100000	0.023676	-0.333707
0.105000	0.022219	-0.125677
0.110000	0.020689	-0.313482
0.115000	0.018465	-0.335124
0.120000	0.017577	-0.105389
0.125000	0.016631	-0.295687
0.130000	0.015234	-0.279011
0.135000	0.013505	-0.461412
0.140000	0.012401	-0.374201
0.145000	0.010001	-0.366981
0.150000	0.008419	-0.178558
0.155000	0.008321	0.146684
0.160000	0.009950	0.324639
0.165000	0.012413	0.423215
0.170000	0.015243	0.590790
0.175000	0.017815	0.454461
0.180000	0.020071	0.519977
0.185000	0.022517	0.338739
0.190000	0.022416	-0.169975
0.195000	0.022799	-0.234221
0.200000	0.021048	-0.334705
0.205000	0.019457	-0.195940
0.210000	0.019700	0.088030
0.215000	0.019807	-0.193501
0.220000	0.018842	-0.203970
0.225000	0.018866	-0.161444
0.230000	0.018167	-0.139406
0.235000	0.017444	-0.151459
0.240000	0.016907	0.166605
0.245000	0.017655	0.189749
0.250000	0.018731	0.196793
0.255000	0.019184	-0.118716
0.260000	0.019622	-0.237560
0.265000	0.018726	-0.139645
0.270000	0.018754	0.159161
0.275000	0.018607	0.093277
0.280000	0.018602	-0.089692
0.285000	0.018076	-0.143842
0.290000	0.017957	0.094191
0.295000	0.017983	0.099465
0.300000	0.018051	-0.018112
0.305000	0.018264	0.114528
0.310000	0.018110	0.175957
0.315000	0.019108	0.307075
0.320000	0.019978	0.201335
0.325000	0.019574	-0.078211
0.330000	0.018809	-0.021087
0.335000	0.019180	-0.091837
0.340000	0.018432	-0.233106
0.345000	0.016924	-0.584213
0.350000	0.014563	-0.290926
0.355000	0.012688	-0.263919
0.360000	0.011948	-0.029358
0.365000	0.012055	-0.022485
0.370000	0.011533	-0.278032
0.375000	0.010360	-0.049304
0.380000	0.010218	-0.078803
0.385000	0.010333	0.180528
0.390000	0.011969	0.287491
0.395000	0.013572	0.218366
0.400000	0.014470	0.310018
0.405000	0.015907	0.424008
0.410000	0.016933	0.228124
0.415000	0.018336	0.217024
0.420000	0.018902	0.162001
0.425000	0.019298	0.152402
0.430000	0.019805	0.196636
0.435000	0.021231	0.196352
0.440000	0.021718	-0.030788
0.445000	0.021171	-0.273116
0.450000	0.019238	-0.420781
0.455000	0.016575	-0.554366
0.460000	0.013465	-0.445470
0.465000	0.011386	-0.609496
0.470000	0.009163	-0.337158
0.475000	0.007103	-0.201682
0.480000	0.006012	-0.242579
0.485000	0.005211	-0.216650
0.490000	0.004439	-0.302653
0.495000	0.003441	-0.186131
0.500000	0.002113	-0.394102
0.505000	0.000715	-0.337929
0.510000	-0.001198	-0.333212
0.515000	-0.003489	-0.432971
0.520000	-0.005922	-0.361419
0.525000	-0.008505	-0.261506
0.530000	-0.009588	-0.394404
0.535000	-0.011471	-0.040996
0.540000	-0.010339	0.232722
0.545000	-0.009143	0.253777
0.550000	-0.007920	0.166737
0.555000	-0.006832	0.098746
0.560000	-0.006809	-0.185917
0.565000	-0.008301	-0.271091
0.570000	-0.009997	-0.360039
0.575000	-0.011439	-0.212907
0.580000	-0.011225	0.002512
0.585000	-0.009959	0.545022
0.590000	-0.007856	0.409151
0.595000	-0.005991	0.353763
0.600000	-0.004874	0.069581
0.605000	-0.004133	0.141121
0.610000	-0.002959	0.005114
0.615000	-0.003681	-0.168112
0.620000	-0.004497	-0.396352
0.625000	-0.005289	-0.137003
0.630000	-0.005331	0.120238
0.635000	-0.005141	0.041130
0.640000	-0.004256	0.246131
0.645000	-0.004033	0.192566
0.650000	-0.002649	0.275581
0.655000	-0.002059	0.137593
0.660000	-0.001563	0.227522
0.665000	-0.000445	0.371912
0.670000	0.000697	0.392070
0.675000	0.002763	0.209259
0.680000	0.004038	0.274722
0.685000	0.004965	0.068432
0.690000	0.005298	0.024515
0.695000	0.005623	0.256877
0.700000	0.005885	0.130565
0.705000	0.006266	-0.060190
0.710000	0.006749	0.325638
0.715000	0.008938	0.369454
0.720000	0.011729	0.580307
0.725000	0.013724	0.328414
0.730000	0.014901	0.179848
0.735000	0.015186	-0.019524
0.740000	0.014602	-0.156623
0.745000	0.014508	0.083957
0.750000	0.013834	-0.153602
0.755000	0.013482	-0.059145
0.760000	0.012461	-0.104024
0.765000	0.011264	-0.401291
0.770000	0.008825	-0.690230
0.775000	0.005211	-0.549234
0.780000	0.002801	-0.615219
0.785000	-0.000057	-0.535479
0.790000	-0.003590	-0.934739
0.795000	-0.008325	-0.878786
0.800000	-0.012176	-0.713073
0.805000	-0.015338	-0.506098
0.810000	-0.017466	-0.238183
0.815000	-0.018174	0.027631
0.820000	-0.018207	0.117930
0.825000	-0.017953	0.152410
0.830000	-0.017590	0.105536
0.835000	-0.017405	-0.009373
0.840000	-0.016989	0.090244
0.845000	-0.016679	-0.080804
0.850000	-0.018163	-0.279169
0.855000	-0.019680	-0.259819
0.860000	-0.021179	-0.179807
0.865000	-0.022645	-0.118375
0.870000	-0.023201	-0.155069
0.875000	-0.023101	-0.027062
0.880000	-0.023776	-0.228640
0.885000	-0.024242	-0.124816
0.890000	-0.025024	-0.245006
0.895000	-0.025190	-0.013850
0.900000	-0.024978	-0.052239
0.905000	-0.024776	0.163774
0.910000	-0.023770	0.361087
0.915000	-0.022795	0.063569
0.920000	-0.021349	0.380259
0.925000	-0.019524	0.316237
0.930000	-0.017763	0.324611
0.935000	-0.016122	0.225763
0.940000	-0.015467	0.147537
0.945000	-0.014489	0.257880
0.950000	-0.013390	0.227115
0.955000	-0.012296	0.115860
0.960000	-0.010934	0.237168
0.965000	-0.008904	0.446566
0.970000	-0.006345	0.230100
0.975000	-0.005028	0.306423
0.980000	-0.004806	0.152075
0.985000	-0.003976	0.253842
0.990000	-0.002911	0.228108
0.995000	-0.002567	-0.001434
1.000000	-0.001867	0.248550
1.005000	-0.000193	0.248597
1.010000	0.000964	0.165201
1.015000	0.001609	0.169920
1.020000	0.002580	0.181880
1.025000	0.003644	0.015906
1.030000	0.004108	-0.139372
1.035000	0.003265	-0.145334
1.040000	0.002419	-0.195380
1.045000	0.001390	-0.118533
1.050000	0.000811	-0.322273
1.055000	-0.000925	-0.556125
1.060000	-0.003194	-0.447212
1.065000	-0.005187	-0.340151
1.070000	-0.006465	-0.240649
1.075000	-0.006889	-0.061195
1.080000	-0.006783	0.116529
1.085000	-0.007247	-0.078473
1.090000	-0.007587	-0.016184
1.095000	-0.007360	0.094500
1.100000	-0.007915	-0.054191
1.105000	-0.008163	-0.152115
1.110000	-0.009060	-0.122801
1.115000	-0.008362	0.046061
1.120000	-0.007734	-0.006489
1.125000	-0.008747	-0.201062
1.130000	-0.009553	-0.046450
1.135000	-0.009289	-0.018543
1.140000	-0.008685	0.264753
1.145000	-0.007114	0.457365
1.150000	-0.004876	0.324981
1.155000	-0.003427	0.282334
1.160000	-0.002170	0.169525
1.165000	-0.001057	0.268074
1.170000	0.000011	0.152708
1.175000	0.000630	0.093564
1.180000	0.000906	-0.126931
1.185000	-0.000395	-0.345575
1.190000	-0.001082	-0.247067
1.195000	-0.003025	-0.242809
1.200000	-0.003184	-0.121839
1.205000	-0.003699	-0.087400
1.210000	-0.004486	-0.170421
1.215000	-0.006109	-0.540736
1.220000	-0.008445	-0.572528
1.225000	-0.011553	-0.505909
1.230000	-0.014047	-0.393802
1.235000	-0.015516	-0.230673
1.240000	-0.016016	-0.021198
1.245000	-0.016021	-0.145221
1.250000	-0.016210	-0.098967
1.255000	-0.016728	-0.147415
1.260000	-0.017869	-0.006317
1.265000	-0.017771	-0.018522
1.270000	-0.017645	-0.075869
1.275000	-0.017137	0.025931
1.280000	-0.016842	0.129356
1.285000	-0.015122	0.481247
1.290000	-0.012807	0.395157
1.295000	-0.011604	0.209532
1.300000	-0.010094	0.206823
1.305000	-0.008711	0.152992
1.310000	-0.008205	0.140639
1.315000	-0.007007	0.183297
1.320000	-0.006422	0.037073
1.325000	-0.005867	0.084247
1.330000	-0.005709	0.072968
1.335000	-0.004411	0.014651
1.340000	-0.003230	0.234305
1.345000	-0.001430	0.343637
1.350000	0.001230	0.385079
1.355000	0.004210	0.368679
1.360000	0.006059	0.184271
1.365000	0.006261	0.098498
1.370000	0.006714	0.154145
1.375000	0.007291	0.249323
1.380000	0.008319	0.236654
1.385000	0.008731	0.083996
1.390000	0.009029	0.072941
1.395000	0.010035	0.254246
1.400000	0.009933	-0.176755
1.405000	0.009204	-0.135844
1.410000	0.008377	-0.224091
1.415000	0.007259	-0.081593
1.420000	0.007034	-0.003434
1.425000	0.006735	0.015434
1.430000	0.006091	-0.192450
1.435000	0.004586	-0.320635
1.440000	0.003316	-0.223130
1.445000	0.000868	-0.243706
1.450000	-0.000809	-0.389025
1.455000	-0.002553	-0.214315
1.460000	-0.003265	-0.045008
1.465000	-0.003320	-0.204466
1.470000	-0.004207	-0.280990
1.475000	-0.005806	-0.330277
1.480000	-0.006751	-0.220259
1.485000	-0.007798	-0.145396
1.490000	-0.007991	-0.080210
1.495000	-0.008740	-0.189125
1.500000	-0.010322	-0.147598
1.505000	-0.011706	-0.266964
1.510000	-0.013931	-0.398294
1.515000	-0.015471	-0.362507
1.520000	-0.016933	-0.331250
1.525000	-0.018523	-0.284646
1.530000	-0.019979	-0.176815
1.535000	-0.020198	0.197199
1.540000	-0.019682	0.246987
1.545000	-0.018273	0.323003
1.550000	-0.016362	0.322478
1.555000	-0.014860	0.431750
1.560000	-0.013950	0.028019
1.565000	-0.013528	0.174266
1.570000	-0.012285	0.372696
1.575000	-0.009882	0.530727
1.580000	-0.007740	0.425287
1.585000	-0.005952	0.479306
1.590000	-0.003029	0.572237
1.595000	-0.000972	0.340292
1.600000	0.001032	0.441154
1.605000	0.003577	0.524909
1.610000	0.005983	0.400299
1.615000	0.006539	0.116892
1.620000	0.007365	0.238009
1.625000	0.008912	0.202440
1.630000	0.010335	0.075056
1.635000	0.011129	0.113318
1.640000	0.011729	0.008359
1.645000	0.011536	0.096766
1.650000	0.011515	0.087581
1.655000	0.011901	0.005306
1.660000	0.011487	-0.010111
1.665000	0.010667	-0.066285
1.670000	0.010682	-0.079018
1.675000	0.010271	-0.145239
1.680000	0.010442	0.044727
1.685000	0.011068	0.225823
1.690000	0.012845	0.299786
1.695000	0.014287	0.303888
1.700000	0.015894	0.196442
1.705000	0.017053	-0.009288
1.710000	0.016146	-0.334183
1.715000	0.014625	-0.357692
1.720000	0.012707	-0.447107
1.725000	0.010496	-0.486008
1.730000	0.008502	-0.367362
1.735000	0.007216	-0.278591
1.740000	0.005979	-0.323998
1.745000	0.004140	-0.235818
1.750000	0.003929	-0.157412
1.755000	0.002732	-0.142731
1.760000	0.001628	-0.391027
1.765000	-0.000284	-0.071759
1.770000	-0.001217	-0.277039
1.775000	-0.002685	-0.356197
1.780000	-0.004598	-0.479689
1.785000	-0.007127	-0.267830
1.790000	-0.009180	-0.709770
1.795000	-0.012553	-0.856838
1.800000	-0.017519	-0.878676
1.805000	-0.021372	-0.630749
1.810000	-0.024533	-0.583246
1.815000	-0.027488	-0.770858
1.820000	-0.030420	-0.569739
1.825000	-0.033207	-0.284090
1.830000	-0.034021	-0.312950
1.835000	-0.034780	-0.076601
1.840000	-0.035497	0.103652
1.845000	-0.034397	0.341213
1.850000	-0.032489	0.405721
1.855000	-0.031111	0.560980
1.860000	-0.028642	0.304248
1.865000	-0.027460	0.315101
1.870000	-0.025576	0.361964
1.875000	-0.024027	0.212295
1.880000	-0.022460	0.454581
1.885000	-0.019666	0.514135
1.890000	-0.016520	0.493676
1.895000	-0.013887	0.479814
1.900000	-0.010598	0.759338
1.905000	-0.006615	0.629709
1.910000	-0.003894	0.557058
1.915000	-0.000979	0.515095
1.920000	0.000871	0.176298
1.925000	0.002438	0.122523
1.930000	0.002662	0.067175
1.935000	0.002738	0.006474
1.940000	0.002432	0.009430
1.945000	0.001685	-0.200779
1.950000	0.000805	-0.328622
1.955000	-0.000382	-0.324422
1.960000	-0.002378	-0.343256
1.965000	-0.004778	-0.442052
1.970000	-0.007621	-0.682278
1.975000	-0.011108	-0.551802
1.980000	-0.013492	-0.209167
1.985000	-0.014056	-0.211373
1.990000	-0.014292	-0.132670
1.995000	-0.015048	0.057090
2.000000	-0.015172	-0.353384
2.005000	-0.017092	-0.172242
2.010000	-0.016590	-0.049891
2.015000	-0.017315	-0.127825
2.020000	-0.018528	-0.398048
2.025000	-0.019459	-0.231475
2.030000	-0.021355	-0.255788
2.035000	-0.022960	-0.385876
2.040000	-0.025286	-0.470473
2.045000	-0.026929	-0.267972
2.050000	-0.028099	-0.203862
2.055000	-0.029173	0.030559
2.060000	-0.029070	-0.012779
2.065000	-0.028368	-0.001674
2.070000	-0.027021	0.236868
2.075000	-0.025778	0.379093
2.080000	-0.023892	0.538598
2.085000	-0.020887	0.520506
2.090000	-0.017999	0.686906
2.095000	-0.014533	0.700589
2.100000	-0.011240	0.577394
2.105000	-0.009066	0.212649
2.110000	-0.007189	0.271935
2.115000	-0.005916	0.270161
2.120000	-0.004939	0.306956
2.125000	-0.003370	0.142988
2.130000	-0.002263	0.050279
2.135000	-0.002396	-0.220730
2.140000	-0.004595	-0.398951
2.145000	-0.006510	-0.455274
2.150000	-0.009234	-0.480368
2.155000	-0.011596	-0.556133
2.160000	-0.014087	-0.525159
2.165000	-0.015918	-0.358268
2.170000	-0.018244	-0.406601
2.175000	-0.020531	-0.518968
2.180000	-0.022419	-0.526506
2.185000	-0.025387	-0.416076
2.190000	-0.027295	-0.324488
2.195000	-0.028348	-0.345471
2.200000	-0.029990	-0.227318
2.205000	-0.031508	-0.117640
2.210000	-0.031787	-0.019764
2.215000	-0.031962	0.086819
2.220000	-0.030627	0.315135
2.225000	-0.029151	0.260889
2.230000	-0.027956	0.207803
2.235000	-0.027174	0.159237
2.240000	-0.025109	0.453882
2.245000	-0.023174	0.421399
2.250000	-0.021229	0.312544
2.255000	-0.019371	0.370210
2.260000	-0.017391	0.341516
2.265000	-0.015196	0.482949
2.270000	-0.012342	0.649733
2.275000	-0.008766	0.741177
2.280000	-0.004269	0.746519
2.285000	-0.000532	0.517831
2.290000	0.001682	0.508034
2.295000	0.003824	0.205930
2.300000	0.004303	0.237373
2.305000	0.004842	-0.019198
2.310000	0.005675	0.165204
2.315000	0.007033	0.264355
2.320000	0.009183	0.536353
2.325000	0.012232	0.431853
2.330000	0.015165	0.453927
2.335000	0.017327	0.458216
2.340000	0.018768	0.341690
2.345000	0.020657	0.377503
2.350000	0.023123	0.300533
2.355000	0.023592	0.031639
2.360000	0.023958	-0.104008
2.365000	0.022935	-0.197263
2.370000	0.022309	-0.086544
2.375000	0.020906	-0.305726
2.380000	0.019551	-0.101783
2.385000	0.017830	-0.543444
2.390000	0.014700	-0.545874
2.395000	0.012003	-0.271023
2.400000	0.010522	-0.240735
2.405000	0.009261	-0.213144
2.410000	0.008572	-0.064871
2.415000	0.007676	0.057643
2.420000	0.007513	-0.026376
2.425000	0.007348	-0.180639
2.430000	0.005659	-0.572792
2.435000	0.002068	-0.789841
2.440000	-0.001625	-0.675287
2.445000	-0.003871	-0.371734
2.450000	-0.005485	-0.218117
2.455000	-0.005903	-0.205453
2.460000	-0.006196	-0.066134
2.465000	-0.007894	-0.435583
2.470000	-0.009155	-0.388015
2.475000	-0.010790	-0.416841
2.480000	-0.011315	0.051885
2.485000	-0.010480	0.056234
2.490000	-0.009896	0.117645
2.495000	-0.009518	-0.139809
2.500000	-0.009478	0.132683
2.505000	-0.007835	0.410255
2.510000	-0.007108	0.126978
2.515000	-0.007146	-0.174557
2.520000	-0.007570	0.151922
2.525000	-0.006135	0.213574
2.530000	-0.005398	0.109108
2.535000	-0.004520	-0.060431
2.540000	-0.004516	-0.065689
2.545000	-0.004573	-0.057878
2.550000	-0.004432	0.242600
2.555000	-0.003812	0.050769
2.560000	-0.002420	0.403289
2.565000	-0.000527	0.371309
2.570000	0.000989	0.160332
2.575000	0.000982	-0.058322
2.580000	0.001335	0.188378
2.585000	0.002938	0.391654
2.590000	0.004929	0.357243
2.595000	0.006953	0.432898
2.600000	0.009129	0.453523
2.605000	0.011209	0.440628
2.610000	0.012694	0.170198
2.615000	0.013334	0.221839
2.620000	0.014525	0.036908
2.625000	0.014380	-0.243719
2.630000	0.013300	-0.382979
2.635000	0.010586	-0.578166
2.640000	0.008339	-0.399092
2.645000	0.006690	-0.324361
2.650000	0.004237	-0.518895
2.655000	0.002221	-0.409752
2.660000	0.000421	-0.444291
2.665000	-0.001669	-0.334211
2.670000	-0.003352	-0.332436
2.675000	-0.005556	-0.410981
2.680000	-0.007571	-0.389806
2.685000	-0.009913	-0.536764
2.690000	-0.011161	-0.246226
2.695000	-0.012256	-0.423286
2.700000	-0.015810	-0.691861
2.705000	-0.018530	-0.389439
2.710000	-0.019667	-0.252255
2.715000	-0.021072	-0.388758
2.720000	-0.023674	-0.388512
2.725000	-0.025922	-0.213680
2.730000	-0.026747	-0.291717
2.735000	-0.028178	-0.130510
2.740000	-0.027970	0.192077
2.745000	-0.027671	0.190838
2.750000	-0.025740	0.390251
2.755000	-0.023475	0.448011
2.760000	-0.021573	0.324307
2.765000	-0.019397	0.196198
2.770000	-0.018183	0.419432
2.775000	-0.015229	0.483227
2.780000	-0.013316	0.448753
2.785000	-0.011790	0.244447
2.790000	-0.009841	0.379101
2.795000	-0.007470	0.538817
2.800000	-0.004787	0.465627
2.805000	-0.001682	0.432133
2.810000	0.000727	0.373956
2.815000	0.002491	0.542342
2.820000	0.006316	0.651536
2.825000	0.010034	0.808162
2.830000	0.014328	0.809700
2.835000	0.019267	1.011749
2.840000	0.024262	0.877467
2.845000	0.027957	0.744683
2.850000	0.030954	0.571526
2.855000	0.033144	0.340756
2.860000	0.035418	0.332018
2.865000	0.036202	0.156797
2.870000	0.037006	0.031772
2.875000	0.036906	-0.097713
2.880000	0.036342	-0.217186
2.885000	0.035617	-0.165448
2.890000	0.034407	-0.064201
2.895000	0.035433	0.119725
2.900000	0.035657	0.108523
2.905000	0.035428	0.042105
2.910000	0.034623	-0.111984
2.915000	0.033967	-0.276007
2.920000	0.032232	-0.492523
2.925000	0.029408	-0.431524
2.930000	0.026802	-0.409119
2.935000	0.024211	-0.491722
2.940000	0.021337	-0.671814
2.945000	0.017575	-0.886766
2.950000	0.011648	-1.252520
2.955000	0.005872	-1.232252
2.960000	-0.000618	-1.131887
2.965000	-0.005707	-0.919277
2.970000	-0.010139	-0.946377
2.975000	-0.015103	-0.733291
2.980000	-0.018761	-0.713892
2.985000	-0.021747	-0.493943
2.990000	-0.023925	-0.391499
2.995000	-0.026721	-0.431630
3.000000	-0.029062	-0.267822
3.005000	-0.030558	-0.502712
3.010000	-0.032292	-0.369462
3.015000	-0.033712	-0.121346
3.020000	-0.034858	-0.245131
3.025000	-0.036224	-0.176684
3.030000	-0.037541	-0.186137
3.035000	-0.038802	-0.383547
3.040000	-0.040276	-0.111794
3.045000	-0.040022	-0.238635
3.050000	-0.041121	-0.181660
3.055000	-0.040909	-0.005820
3.060000	-0.040596	0.024548
3.065000	-0.040268	0.225066
3.070000	-0.039474	0.117022
3.075000	-0.038910	0.329304
3.080000	-0.036933	0.379636
3.085000	-0.035107	0.221929
3.090000	-0.034400	0.075466
3.095000	-0.033852	-0.104936
3.100000	-0.035148	-0.111932
3.105000	-0.035489	-0.104219
3.110000	-0.034724	0.447360
3.115000	-0.032204	0.453613
3.120000	-0.029451	0.486035
3.125000	-0.026984	0.577775
3.130000	-0.024489	0.363561
3.135000	-0.023254	0.188706
3.140000	-0.022335	0.324305
3.145000	-0.019306	0.617322
3.150000	-0.016928	0.258809
3.155000	-0.016447	0.140614
3.160000	-0.015413	0.251496
3.165000	-0.013623	0.274131
3.170000	-0.011815	0.273739
3.175000	-0.009652	0.299451
3.180000	-0.008181	0.516649
3.185000	-0.005732	0.579312
3.190000	-0.003046	0.423470
3.195000	-0.000858	0.460874
3.200000	0.000439	0.437230
3.205000	0.001598	0.234698
3.210000	0.003988	0.353986
3.215000	0.004705	0.155614
3.220000	0.005975	0.526888
3.225000	0.008650	0.433473
3.230000	0.010886	0.530828
3.235000	0.012494	0.194961
3.240000	0.013541	0.263660
3.245000	0.015123	0.154514
3.250000	0.016565	0.219262
3.255000	0.018399	0.321753
3.260000	0.018814	0.118808
3.265000	0.019829	0.178506
3.270000	0.021016	0.079630
3.275000	0.021236	-0.004009
3.280000	0.021752	-0.094673
3.285000	0.021362	-0.131467
3.290000	0.021926	0.222527
3.295000	0.023009	0.153833
3.300000	0.024398	0.238601
3.305000	0.025272	0.169762
3.310000	0.026506	0.385001
3.315000	0.028323	0.575198
3.320000	0.031538	0.503433
3.325000	0.034056	0.466960
3.330000	0.035753	0.384720
3.335000	0.037487	0.194481
3.340000	0.037934	0.036212
3.345000	0.036461	-0.348779
3.350000	0.034726	-0.298690
3.355000	0.033868	-0.236250
3.360000	0.031752	-0.510186
3.365000	0.029379	-0.593941
3.370000	0.025474	-0.666767
3.375000	0.023099	-0.502062
3.380000	0.019874	-0.779344
3.385000	0.016064	-0.641229
3.390000	0.013037	-0.749329
3.395000	0.009612	-0.662352
3.400000	0.007160	-0.426008
3.405000	0.005192	-0.550615
3.410000	0.003618	-0.450503
3.415000	0.001823	-0.215684
3.420000	0.000650	-0.342490
3.425000	-0.000560	-0.426603
3.430000	-0.003452	-0.785932
3.435000	-0.006791	-0.822607
3.440000	-0.010813	-0.790385
3.445000	-0.014473	-0.533242
3.450000	-0.017720	-0.557196
3.455000	-0.020224	-0.410495
3.460000	-0.021614	-0.233627
3.465000	-0.023505	-0.101365
3.470000	-0.023781	-0.109292
3.475000	-0.024295	-0.023024
3.480000	-0.023451	0.235071
3.485000	-0.022827	0.046297
3.490000	-0.021955	0.364354
3.495000	-0.020176	0.363151
3.500000	-0.018139	0.326326
3.505000	-0.016140	0.480890
3.510000	-0.013672	0.510929
3.515000	-0.010954	0.464060
3.520000	-0.009240	0.438173
3.525000	-0.006155	0.567661
3.530000	-0.003539	0.476123
3.535000	-0.001169	0.426880
3.540000	0.001176	0.391659
3.545000	0.002737	0.211894
3.550000	0.003458	0.009019
3.555000	0.003161	-0.159957
3.560000	0.002432	0.009336
3.565000	0.002400	0.119508
3.570000	0.002369	0.123040
3.575000	0.002577	0.015218
3.580000	0.003192	0.238652
3.585000	0.003848	0.423575
3.590000	0.006246	0.518212
3.595000	0.008574	0.194433
3.600000	0.007681	-0.070327
3.605000	0.007837	-0.108545
3.610000	0.007830	0.010836
3.615000	0.007844	0.075373
3.620000	0.008268	0.023550
3.625000	0.007729	-0.051019
3.630000	0.007371	-0.038523
3.635000	0.006865	0.141526
3.640000	0.007748	0.297729
3.645000	0.008413	0.099209
3.650000	0.008915	0.112028
3.655000	0.008916	0.090447
3.660000	0.010067	0.202637
3.665000	0.010676	0.006976
3.670000	0.010591	0.090383
3.675000	0.011562	0.164357
3.680000	0.012938	0.439248
3.685000	0.014814	0.377600
3.690000	0.017106	0.374830
3.695000	0.018871	0.263160
3.700000	0.020112	0.149851
3.705000	0.019961	-0.066530
3.710000	0.018556	-0.444912
3.715000	0.016176	-0.497919
3.720000	0.013333	-0.528092
3.725000	0.011291	-0.413692
3.730000	0.008707	-0.493913
3.735000	0.007126	-0.287249
3.740000	0.006274	-0.096728
3.745000	0.005503	-0.299283
3.750000	0.003280	-0.490571
3.755000	0.000058	-0.686096
3.760000	-0.003361	-0.924779
3.765000	-0.007268	-0.502980
3.770000	-0.010048	-0.407939
3.775000	-0.011153	-0.016545
3.780000	-0.011812	0.054615
3.785000	-0.012095	-0.110708
3.790000	-0.012735	-0.126294
3.795000	-0.013677	-0.103592
3.800000	-0.014522	-0.098192
3.805000	-0.014155	0.136799
3.810000	-0.013252	0.208464
3.815000	-0.012213	0.173741
3.820000	-0.011023	0.110904
3.825000	-0.009861	0.322478
3.830000	-0.007411	0.481989
3.835000	-0.005773	0.375726
3.840000	-0.003273	0.489313
3.845000	-0.000838	0.519176
3.850000	0.001816	0.827745
3.855000	0.004099	0.528896
3.860000	0.006560	0.589152
3.865000	0.009445	0.753694
3.870000	0.013160	0.554582
3.875000	0.015353	0.484108
3.880000	0.018420	0.767244
3.885000	0.021876	0.497898
3.890000	0.023625	0.200619
3.895000	0.024768	0.016283
3.900000	0.023839	-0.357277
3.905000	0.022492	-0.319884
3.910000	0.021011	-0.330495
3.915000	0.019078	-0.442916
3.920000	0.017077	-0.338523
3.925000	0.015059	-0.587797
3.930000	0.012305	-0.506364
3.935000	0.008869	-0.688629
3.940000	0.005591	-0.368504
3.945000	0.004086	-0.421436
3.950000	0.001234	-0.792984
3.955000	-0.002226	-0.625636
3.960000	-0.004338	-0.568816
3.965000	-0.007310	-0.797856
3.970000	-0.010104	-0.629215
3.975000	-0.012968	-0.621490
3.980000	-0.016098	-0.352534
3.985000	-0.018203	-0.505228
3.990000	-0.020987	-0.511766
3.995000	-0.023414	-0.565421
4.000000	-0.027063	-0.549746
4.005000	-0.030025	-0.470452
4.010000	-0.031841	-0.431757
4.015000	-0.033402	-0.157875
4.020000	-0.034694	-0.242916
4.025000	-0.034688	-0.025937
4.030000	-0.034294	0.273158
4.035000	-0.033648	0.191422
4.040000	-0.031760	0.603409
4.045000	-0.028388	0.611333
4.050000	-0.025866	0.568242
4.055000	-0.022706	0.728305
4.060000	-0.018641	0.918447
4.065000	-0.014725	0.780927
4.070000	-0.010480	0.699193
4.075000	-0.007285	0.732703
4.080000	-0.004477	0.510456
4.085000	-0.001403	0.691500
4.090000	0.001591	0.648480
4.095000	0.004997	0.549698
4.100000	0.007393	0.445517
4.105000	0.008922	0.294276
4.110000	0.010924	0.504379
4.115000	0.014376	0.573996
4.120000	0.018637	0.947264
4.125000	0.024295	1.105779
4.130000	0.030513	1.048622
4.135000	0.035121	0.959129
4.140000	0.040537	0.923407
4.145000	0.044836	0.943159
4.150000	0.049194	0.646244
4.155000	0.051373	0.553341
4.160000	0.052999	0.326154
4.165000	0.053453	0.042530
4.170000	0.052782	-0.064037
4.175000	0.052344	-0.025931
4.180000	0.052003	-0.133787
4.185000	0.050892	-0.193467
4.190000	0.049334	-0.372196
4.195000	0.047668	-0.697769
4.200000	0.044278	-0.672589
4.205000	0.040908	-0.725005
4.210000	0.037874	-0.671722
4.215000	0.033958	-0.860505
4.220000	0.028959	-1.045380
4.225000	0.024130	-1.027179
4.230000	0.018787	-0.878718
4.235000	0.013557	-0.932748
4.240000	0.009553	-0.753560
4.245000	0.005747	-0.728150
4.250000	0.003279	-0.494241
4.255000	0.000549	-0.575531
4.260000	-0.001948	-0.598189
4.265000	-0.005627	-0.588533
4.270000	-0.009269	-0.548527
4.275000	-0.011467	0.075682
4.280000	-0.012446	-0.189865
4.285000	-0.012508	0.019204
4.290000	-0.012728	0.207230
4.295000	-0.010847	0.580038
4.300000	-0.008322	0.489832
4.305000	-0.006578	0.645527
4.310000	-0.003589	0.634644
4.315000	-0.000424	0.595408
4.320000	0.002862	0.650934
4.325000	0.006892	0.723595
4.330000	0.010501	0.741482
4.335000	0.013160	0.596512
4.340000	0.015935	0.314912
4.345000	0.016757	0.033989
4.350000	0.016887	-0.115357
4.355000	0.016498	-0.014321
4.360000	0.016705	0.082896
4.365000	0.016744	-0.047257
4.370000	0.017786	0.046917
4.375000	0.018993	0.302167
4.380000	0.020384	0.243338
4.385000	0.021530	0.313340
4.390000	0.023089	0.248542
4.395000	0.024061	0.265186
4.400000	0.024956	0.138074
4.405000	0.026097	0.191245
4.410000	0.025846	0.004333
4.415000	0.024893	-0.287617
4.420000	0.023878	-0.264345
4.425000	0.021624	-0.237418
4.430000	0.020489	-0.231762
4.435000	0.019174	-0.421167
4.440000	0.016305	-0.410256
4.445000	0.014713	-0.372162
4.450000	0.012899	-0.323547
4.455000	0.011580	-0.208830
4.460000	0.009690	-0.401595
4.465000	0.007695	-0.351741
4.470000	0.005005	-0.595433
4.475000	0.002613	-0.471717
4.480000	0.000057	-0.250637
4.485000	-0.002153	-0.383400
4.490000	-0.005031	-0.521493
4.495000	-0.008076	-0.555895
4.500000	-0.009976	-0.400856
4.505000	-0.011576	-0.458589
4.510000	-0.014524	-0.622088
4.515000	-0.017661	-0.487112
4.520000	-0.019163	-0.261588
4.525000	-0.020926	-0.414113
4.530000	-0.021789	-0.176995
4.535000	-0.022409	-0.333615
4.540000	-0.023705	-0.198845
4.545000	-0.025404	-0.191444
4.550000	-0.026511	-0.146762
4.555000	-0.026528	-0.101763
4.560000	-0.027687	-0.120449
4.565000	-0.027994	-0.060711
4.570000	-0.027742	0.078166
4.575000	-0.026479	0.201171
4.580000	-0.025548	0.306508
4.585000	-0.023834	0.494942
4.590000	-0.021247	0.303618
4.595000	-0.019882	0.104688
4.600000	-0.019356	0.156887
4.605000	-0.018033	0.161914
4.610000	-0.017852	0.150774
4.615000	-0.016630	0.178322
4.620000	-0.016170	0.067891
4.625000	-0.016062	0.204273
4.630000	-0.014173	0.368535
4.635000	-0.012868	0.202546
4.640000	-0.012163	0.324579
4.645000	-0.010459	0.323590
4.650000	-0.008777	0.186953
4.655000	-0.008308	-0.061429
4.660000	-0.007092	0.187325
4.665000	-0.007230	0.031767
4.670000	-0.007123	-0.134444
4.675000	-0.007149	-0.123769
4.680000	-0.007847	-0.163910
4.685000	-0.008078	0.033887
4.690000	-0.009908	-0.131041
4.695000	-0.011276	-0.282717
4.700000	-0.012574	-0.433781
4.705000	-0.014782	-0.259450
4.710000	-0.015727	-0.198415
4.715000	-0.016514	-0.009741
4.720000	-0.018072	-0.276040
4.725000	-0.019245	-0.117616
4.730000	-0.020340	-0.012052
4.735000	-0.020090	0.062003
4.740000	-0.019419	0.114416
4.745000	-0.018038	0.145569
4.750000	-0.016944	0.112833
4.755000	-0.016171	0.078784
4.760000	-0.014511	0.382916
4.765000	-0.012874	0.120626
4.770000	-0.011808	0.363461
4.775000	-0.010657	0.279848
4.780000	-0.009821	0.345463
4.785000	-0.008451	0.314418
4.790000	-0.006700	0.342217
4.795000	-0.004860	0.434706
4.800000	-0.003465	0.219110
4.805000	-0.002259	0.235948
4.810000	-0.002222	-0.023947
4.815000	-0.001712	-0.002110
4.820000	-0.001939	-0.111656
4.825000	-0.003038	-0.215138
4.830000	-0.003880	-0.125713
4.835000	-0.003704	-0.092938
4.840000	-0.005201	-0.314135
4.845000	-0.007739	-0.230840
4.850000	-0.007832	0.121805
4.855000	-0.007606	0.134420
4.860000	-0.006040	0.460654
4.865000	-0.003179	0.492944
4.870000	0.000410	0.850381
4.875000	0.004950	0.720393
4.880000	0.008756	0.787658
4.885000	0.012501	0.793396
4.890000	0.017547	0.861589
4.895000	0.021678	0.750480
4.900000	0.025454	0.856416
4.905000	0.029014	0.791163
4.910000	0.033440	0.781987
4.915000	0.038231	0.874654
4.920000	0.042332	0.582517
4.925000	0.043935	0.129353
4.930000	0.043159	-0.068912
4.935000	0.043314	0.195244
4.940000	0.044582	0.229464
4.945000	0.046199	0.283746
4.950000	0.046112	-0.055397
4.955000	0.045569	-0.238037
4.960000	0.044607	-0.241214
4.965000	0.044407	0.032365
4.970000	0.044285	-0.073122
4.975000	0.045028	0.221152
4.980000	0.046007	0.121361
4.985000	0.045992	-0.111487
4.990000	0.045457	-0.202328
4.995000	0.043559	-0.352231
5.000000	0.041881	-0.393316
5.005000	0.039250	-0.578049
5.010000	0.035261	-0.838087
5.015000	0.030817	-0.968130
5.020000	0.026876	-0.994621
5.025000	0.022863	-0.840670
5.030000	0.019411	-0.906957
5.035000	0.013742	-1.201453
5.040000	0.007412	-1.227309
5.045000	0.001161	-1.307078
5.050000	-0.005366	-1.301051
5.055000	-0.010497	-1.069462
5.060000	-0.016320	-1.206910
5.065000	-0.022014	-1.010775
5.070000	-0.027934	-1.290907
5.075000	-0.034453	-1.364597
5.080000	-0.040204	-1.143319
5.085000	-0.044851	-0.801788
5.090000	-0.048699	-0.625683
5.095000	-0.050922	-0.349653
5.100000	-0.051398	-0.221287
5.105000	-0.051155	0.119207
5.110000	-0.050800	0.102161
5.115000	-0.050546	0.233105
5.120000	-0.049114	0.308235
5.125000	-0.047733	0.552347
5.130000	-0.044565	0.628536
5.135000	-0.042553	0.520527
5.140000	-0.039516	0.518736
5.145000	-0.037569	0.359982
5.150000	-0.036191	0.300358
5.155000	-0.035043	0.222355
5.160000	-0.033624	0.299366
5.165000	-0.031908	0.319826
5.170000	-0.031074	0.254315
5.175000	-0.030386	0.370519
5.180000	-0.029496	0.218587
5.185000	-0.028360	0.278709
5.190000	-0.027589	0.434507
5.195000	-0.025062	0.476491
5.200000	-0.022137	0.416582
5.205000	-0.019054	0.749968
5.210000	-0.014955	0.792617
5.215000	-0.010423	0.816246
5.220000	-0.006539	0.737245
5.225000	-0.003089	0.677873
5.230000	-0.000969	0.499055
5.235000	0.001423	0.334695
5.240000	0.003214	0.235377
5.245000	0.004036	0.116629
5.250000	0.004564	-0.110152
5.255000	0.005235	0.304271
5.260000	0.006959	-0.005209
5.265000	0.006724	-0.143263
5.270000	0.006058	-0.114254
5.275000	0.005353	-0.282478
5.280000	0.003568	-0.179374
5.285000	0.002511	-0.207448
5.290000	0.000540	-0.438415
5.295000	-0.000432	-0.189037
5.300000	-0.001043	-0.051258
5.305000	-0.002341	-0.200439
5.310000	-0.002902	-0.129200
5.315000	-0.003093	-0.088221
5.320000	-0.004669	-0.458130
5.325000	-0.006824	-0.453585
5.330000	-0.009482	-0.401981
5.335000	-0.011015	-0.234543
5.340000	-0.011988	-0.304386
5.345000	-0.013205	-0.280408
5.350000	-0.014927	-0.469070
5.355000	-0.016837	-0.342541
5.360000	-0.018906	-0.208226
5.365000	-0.019632	-0.289961
5.370000	-0.020037	-0.141430
5.375000	-0.020353	-0.068255
5.380000	-0.020660	-0.028261
5.385000	-0.021088	0.092067
5.390000	-0.019766	0.296537
5.395000	-0.018680	0.263417
5.400000	-0.017147	0.148967
5.405000	-0.016111	0.232677
5.410000	-0.014705	0.144516
5.415000	-0.014425	0.226016
5.420000	-0.012653	0.392338
5.425000	-0.011543	0.239764
5.430000	-0.010569	0.001367
5.435000	-0.010212	0.138695
5.440000	-0.010026	0.144533
5.445000	-0.009032	0.176394
5.450000	-0.007112	0.513986
5.455000	-0.005400	0.365975
5.460000	-0.003273	0.224515
5.465000	-0.002980	-0.041245
5.470000	-0.003114	-0.207306
5.475000	-0.004356	-0.262781
5.480000	-0.005981	-0.199501
5.485000	-0.006385	-0.047789
5.490000	-0.006456	0.160286
5.495000	-0.006591	0.004063
5.500000	-0.006373	-0.019408
5.505000	-0.006969	0.162192
5.510000	-0.006745	-0.079013
5.515000	-0.006986	-0.043077
5.520000	-0.006934	0.182908
5.525000	-0.006398	-0.016305
5.530000	-0.005948	0.031222
5.535000	-0.007095	-0.039304
5.540000	-0.006153	0.136268
5.545000	-0.005268	0.208124
5.550000	-0.004181	0.283896
5.555000	-0.002992	0.223823
5.560000	-0.001631	0.396455
5.565000	-0.000134	0.313362
5.570000	0.001599	0.442877
5.575000	0.003649	0.291838
5.580000	0.004763	0.296459
5.585000	0.007054	0.411823
5.590000	0.008841	0.179591
5.595000	0.009033	-0.196542
5.600000	0.008939	0.157076
5.605000	0.011254	0.359698
5.610000	0.013300	0.618262
5.615000	0.016249	0.614566
5.620000	0.019300	0.659980
5.625000	0.021518	0.290567
5.630000	0.022810	0.249835
5.635000	0.024397	0.329754
5.640000	0.025122	0.173000
5.645000	0.026494	0.077094
5.650000	0.026970	0.151254
5.655000	0.027025	-0.090458
5.660000	0.026670	-0.245028
5.665000	0.024554	-0.335725
5.670000	0.022800	-0.440063
5.675000	0.020416	-0.405648
5.680000	0.017604	-0.590511
5.685000	0.014845	-0.446958
5.690000	0.011874	-0.788369
5.695000	0.008201	-0.446689
5.700000	0.006245	-0.342066
5.705000	0.005519	-0.177436
5.710000	0.005348	-0.081275
5.715000	0.004517	-0.125182
5.720000	0.003154	-0.251564
5.725000	0.002231	0.001427
5.730000	0.001754	-0.023673
5.735000	0.002296	0.003631
5.740000	0.002743	-0.002361
5.745000	0.002519	-0.205118
5.750000	0.000469	-0.340262
5.755000	-0.001167	-0.355411
5.760000	-0.002433	-0.122921
5.765000	-0.002989	-0.213445
5.770000	-0.004071	-0.149966
5.775000	-0.004983	-0.136242
5.780000	-0.005536	-0.000333
5.785000	-0.004988	0.250832
5.790000	-0.003387	0.340631
5.795000	-0.001561	0.357916
5.800000	-0.000331	0.300518
5.805000	0.000825	0.224066
5.810000	0.001848	-0.122159
5.815000	0.001113	-0.233278
5.820000	0.001083	0.035826
5.825000	0.001317	0.060534
5.830000	0.001984	-0.089799
5.835000	0.001562	-0.191029
5.840000	0.002193	0.331186
5.845000	0.004795	0.543127
5.850000	0.007104	0.347516
5.855000	0.008288	0.260044
5.860000	0.010040	0.363709
5.865000	0.011956	0.143468
5.870000	0.013398	0.192167
5.875000	0.014278	0.242594
5.880000	0.015362	0.318632
5.885000	0.016828	0.182030
5.890000	0.017433	0.247407
5.895000	0.017895	-0.146234
5.900000	0.017120	-0.010581
5.905000	0.016992	-0.049275
5.910000	0.017198	0.121982
5.915000	0.017373	-0.145571
5.920000	0.017186	-0.164716
5.925000	0.016161	-0.440071
5.930000	0.013805	-0.515375
5.935000	0.011531	-0.378820
5.940000	0.010355	-0.446608
5.945000	0.008280	-0.526802
5.950000	0.005410	-0.285074
5.955000	0.003460	-0.464669
5.960000	0.001699	-0.247449
5.965000	0.000876	0.060483
5.970000	0.001891	0.135850
5.975000	0.003342	0.155694
5.980000	0.003738	0.197542
5.985000	0.004934	0.340273
5.990000	0.007306	0.580552
5.995000	0.009255	0.251928
6.000000	0.010900	0.319183
6.005000	0.012408	0.306863
6.010000	0.013373	0.046475
6.015000	0.013778	0.063111
6.020000	0.013581	0.213805
6.025000	0.014688	0.426603
6.030000	0.016462	0.286535
6.035000	0.017529	0.089505
6.040000	0.018267	0.139260
6.045000	0.018471	0.070137
6.050000	0.018725	0.055160
6.055000	0.019473	0.145727
6.060000	0.019743	0.109571
6.065000	0.021106	0.003587
6.070000	0.021035	-0.020145
6.075000	0.019913	0.068639
6.080000	0.020058	-0.166982
6.085000	0.019221	-0.211837
6.090000	0.017324	-0.360954
6.095000	0.016112	-0.062910
6.100000	0.015803	-0.204923
6.105000	0.015138	-0.227544
6.110000	0.013826	-0.261194
6.115000	0.013255	-0.145927
6.120000	0.013106	-0.126097
6.125000	0.012541	-0.290359
6.130000	0.011079	-0.187889
6.135000	0.009374	-0.070958
6.140000	0.008976	0.022033
6.145000	0.009262	-0.032798
6.150000	0.008793	-0.168500
6.155000	0.008129	0.060446
6.160000	0.008052	-0.000061
6.165000	0.007680	0.011228
6.170000	0.007484	0.071013
6.175000	0.007492	-0.065019
6.180000	0.007238	0.005834
6.185000	0.008096	-0.010434
6.190000	0.008654	0.067313
6.195000	0.009292	0.163039
6.200000	0.010733	0.261634
6.205000	0.011840	0.088129
6.210000	0.012917	0.128249
6.215000	0.014184	0.176666
6.220000	0.015162	0.138799
6.225000	0.016145	0.061526
6.230000	0.017061	0.058388
6.235000	0.017728	0.172744
6.240000	0.018250	0.142120
6.245000	0.018912	-0.069388
6.250000	0.017568	-0.384820
6.255000	0.015557	-0.463571
6.260000	0.012365	-0.531446
6.265000	0.009691	-0.553349
6.270000	0.007571	-0.293048
6.275000	0.007301	0.053352
6.280000	0.008204	-0.036734
6.285000	0.007421	-0.272129
6.290000	0.006431	-0.133634
6.295000	0.007131	0.328194
6.300000	0.008793	0.436392
6.305000	0.009985	0.209605
6.310000	0.011284	0.269062
6.315000	0.012265	0.130232
6.320000	0.012403	-0.099156
6.325000	0.011489	-0.109096
6.330000	0.011670	0.160370
6.335000	0.013305	0.233712
6.340000	0.013755	0.122126
6.345000	0.012919	-0.067583
6.350000	0.012503	-0.254025
6.355000	0.010749	-0.261276
6.360000	0.009541	-0.220827
6.365000	0.007883	-0.316488
6.370000	0.005712	-0.443808
6.375000	0.003406	-0.336495
6.380000	0.002553	-0.153214
6.385000	0.002897	-0.012746
6.390000	0.002564	-0.032080
6.395000	0.002459	-0.049498
6.400000	0.000975	-0.446498
6.405000	-0.000886	-0.304204
6.410000	-0.002782	-0.373893
6.415000	-0.005727	-0.790406
6.420000	-0.009690	-0.512912
6.425000	-0.011848	-0.499090
6.430000	-0.014989	-0.738479
6.435000	-0.018102	-0.538193
6.440000	-0.021255	-0.505891
6.445000	-0.023569	-0.398979
6.450000	-0.026917	-0.618840
6.455000	-0.029247	-0.522939
6.460000	-0.032073	-0.680633
6.465000	-0.034860	-0.319690
6.470000	-0.037026	-0.441401
6.475000	-0.038700	-0.311917
6.480000	-0.040212	-0.204732
6.485000	-0.041546	-0.183566
6.490000	-0.042082	0.000086
6.495000	-0.041943	0.187613
6.500000	-0.039828	0.389334
6.505000	-0.038496	0.256773
6.510000	-0.037207	0.206144
6.515000	-0.036024	0.171208
6.520000	-0.035918	-0.085690
6.525000	-0.036574	-0.139428
6.530000	-0.036494	-0.026552
6.535000	-0.036707	-0.037642
6.540000	-0.037287	-0.037848
6.545000	-0.038430	-0.196765
6.550000	-0.038748	0.010855
6.555000	-0.039100	-0.046544
6.560000	-0.039661	-0.001425
6.565000	-0.038829	0.353376
6.570000	-0.037156	0.397457
6.575000	-0.036141	0.232043
6.580000	-0.035435	0.322589
6.585000	-0.033293	0.268103
6.590000	-0.032111	0.352792
6.595000	-0.030381	0.176628
6.600000	-0.028650	0.573820
6.605000	-0.025534	0.556675
6.610000	-0.022835	0.568777
6.615000	-0.020722	0.432784
6.620000	-0.019195	0.398608
6.625000	-0.018218	0.035466
6.630000	-0.018196	0.027014
6.635000	-0.017558	0.266569
6.640000	-0.016160	0.280092
6.645000	-0.014600	0.086415
6.650000	-0.013927	0.347938
6.655000	-0.010655	0.474233
6.660000	-0.007331	0.625449
6.665000	-0.004188	0.588980
6.670000	-0.000559	0.737336
6.675000	0.003402	0.684488
6.680000	0.006153	0.655649
6.685000	0.009850	0.724208
6.690000	0.013005	0.460884
6.695000	0.013934	0.327684
6.700000	0.015663	0.425937
6.705000	0.017217	0.204584
6.710000	0.018310	0.200813
6.715000	0.019010	0.111659
6.720000	0.020456	0.283420
6.725000	0.021451	0.264574
6.730000	0.023130	0.458823
6.735000	0.025431	0.608125
6.740000	0.028632	0.650789
6.745000	0.030738	0.382828
6.750000	0.031716	0.168192
6.755000	0.032966	0.230675
6.760000	0.034674	0.354161
6.765000	0.036620	0.334199
6.770000	0.037786	0.147481
6.775000	0.037479	-0.166338
6.780000	0.035924	-0.455226
6.785000	0.033378	-0.626094
6.790000	0.030337	-0.526727
6.795000	0.026978	-0.686657
6.800000	0.023916	-0.615519
6.805000	0.020691	-0.378751
6.810000	0.018977	-0.317128
6.815000	0.017181	-0.346597
6.820000	0.014992	-0.490065
6.825000	0.013274	-0.646994
6.830000	0.009689	-0.619052
6.835000	0.006714	-0.406039
6.840000	0.004404	-0.444892
6.845000	0.001425	-0.677448
6.850000	-0.001189	-0.372039
6.855000	-0.002885	-0.385586
6.860000	-0.005762	-0.600676
6.865000	-0.008713	-0.546138
6.870000	-0.011409	-0.532496
6.875000	-0.014283	-0.569132
6.880000	-0.017458	-0.418711
6.885000	-0.020269	-0.706540
6.890000	-0.023358	-0.654343
6.895000	-0.025962	-0.686390
6.900000	-0.029297	-0.667048
6.905000	-0.031952	-0.448261
6.910000	-0.033349	-0.121752
6.915000	-0.033659	-0.235469
6.920000	-0.034420	-0.008376
6.925000	-0.033822	0.069618
6.930000	-0.033763	-0.134365
6.935000	-0.035141	-0.340831
6.940000	-0.035891	-0.235257
6.945000	-0.036595	-0.162541
6.950000	-0.037932	-0.178779
6.955000	-0.038518	0.026065
6.960000	-0.039538	-0.134513
6.965000	-0.040284	-0.136666
6.970000	-0.041205	-0.186643
6.975000	-0.041102	0.113904
6.980000	-0.039687	0.317991
6.985000	-0.037450	0.461584
6.990000	-0.034774	0.601727
6.995000	-0.031287	0.867545
7.000000	-0.026368	0.999220
7.005000	-0.020760	1.038672
7.010000	-0.015442	1.029181
7.015000	-0.010356	0.976918
7.020000	-0.005436	0.712582
7.025000	-0.001069	0.748800
7.030000	0.003488	0.844672
7.035000	0.007468	0.675011
7.040000	0.011281	0.781356
7.045000	0.014951	0.683919
7.050000	0.017395	0.463934
7.055000	0.019655	0.275636
7.060000	0.020406	0.028326
7.065000	0.020029	-0.117798
7.070000	0.018771	-0.217884
7.075000	0.017705	-0.263740
7.080000	0.016729	0.015399
7.085000	0.017021	0.039892
7.090000	0.017046	0.013995
7.095000	0.016842	-0.067637
7.100000	0.016648	-0.046464
7.105000	0.016242	-0.137243
7.110000	0.015483	-0.339757
7.115000	0.013206	-0.450727
7.120000	0.011542	-0.410021
7.125000	0.008690	-0.526502
7.130000	0.005721	-0.599599
7.135000	0.003072	-0.424451
7.140000	0.000446	-0.519095
7.145000	-0.001272	-0.133213
7.150000	-0.002224	-0.081804
7.155000	-0.002991	-0.090365
7.160000	-0.004208	-0.020289
7.165000	-0.003965	-0.171028
7.170000	-0.003971	-0.063847
7.175000	-0.004297	-0.149525
7.180000	-0.004932	-0.018737
7.185000	-0.004953	0.036059
7.190000	-0.004534	0.046962
7.195000	-0.003946	0.075226
7.200000	-0.004076	0.220424
7.205000	-0.002874	0.160671
7.210000	-0.002777	-0.052782
7.215000	-0.004448	-0.203946
7.220000	-0.006409	-0.613301
7.225000	-0.009079	-0.423161
7.230000	-0.010494	-0.293893
7.235000	-0.012420	-0.465621
7.240000	-0.014877	-0.468416
7.245000	-0.016057	-0.284669
7.250000	-0.016502	-0.044487
7.255000	-0.017295	-0.140109
7.260000	-0.017529	-0.016950
7.265000	-0.016744	0.311374
7.270000	-0.014813	0.463886
7.275000	-0.012696	0.357156
7.280000	-0.011531	0.373959
7.285000	-0.008862	0.560445
7.290000	-0.006626	0.488468
7.295000	-0.004045	0.485544
7.300000	-0.003155	0.024390
7.305000	-0.002146	0.104551
7.310000	-0.002596	-0.077566
7.315000	-0.002749	-0.319914
7.320000	-0.004085	-0.173584
7.325000	-0.004849	-0.170674
7.330000	-0.006332	-0.191441
7.335000	-0.008011	-0.397247
7.340000	-0.010304	-0.464898
7.345000	-0.012978	-0.447753
7.350000	-0.015897	-0.572639
7.355000	-0.018450	-0.290639
7.360000	-0.019338	-0.158560
7.365000	-0.020175	-0.288912
7.370000	-0.021248	-0.300626
7.375000	-0.022527	-0.289473
7.380000	-0.023987	-0.389392
7.385000	-0.025313	-0.527755
7.390000	-0.027765	-0.711744
7.395000	-0.030248	-0.551373
7.400000	-0.031734	-0.063261
7.405000	-0.031495	0.047631
7.410000	-0.030301	0.027739
7.415000	-0.030435	0.020582
7.420000	-0.030377	-0.216065
7.425000	-0.031315	0.071061
7.430000	-0.030231	0.093746
7.435000	-0.029626	0.144943
7.440000	-0.028974	0.156315
7.445000	-0.027740	0.316596
7.450000	-0.026281	0.410709
7.455000	-0.023515	0.574443
7.460000	-0.019643	0.690765
7.465000	-0.017332	0.314145
7.470000	-0.015404	0.315972
7.475000	-0.013954	0.376877
7.480000	-0.012298	0.488789
7.485000	-0.010170	0.371966
7.490000	-0.008120	0.338583
7.495000	-0.006706	0.173805
7.500000	-0.005583	0.409566
7.505000	-0.003724	0.081982
7.510000	-0.002960	0.088046
7.515000	-0.002358	0.328985
7.520000	-0.000533	0.578593
7.525000	0.001946	0.373740
7.530000	0.003150	0.170644
7.535000	0.004313	0.107775
7.540000	0.005202	0.158474
7.545000	0.006080	0.089055
7.550000	0.006288	-0.086175
7.555000	0.005697	-0.142410
7.560000	0.005447	-0.118166
7.565000	0.005379	-0.103818
7.570000	0.005349	0.229315
7.575000	0.006368	0.132379
7.580000	0.005990	-0.112915
7.585000	0.004734	-0.189121
7.590000	0.003809	-0.116086
7.595000	0.003592	-0.159183
7.600000	0.002134	-0.163287
7.605000	0.001295	-0.139976
7.610000	-0.000508	-0.439272
7.615000	-0.001725	-0.147485
7.620000	-0.002747	-0.168270
7.625000	-0.003372	-0.021751
7.630000	-0.004760	-0.298795
7.635000	-0.006113	-0.317693
7.640000	-0.007300	-0.150780
7.645000	-0.007872	0.024408
7.650000	-0.008058	0.006206
7.655000	-0.008035	0.098660
7.660000	-0.007810	0.110061
7.665000	-0.005936	0.578973
7.670000	-0.003019	0.488683
7.675000	-0.000691	0.172199
7.680000	-0.000183	0.142540
7.685000	-0.000430	0.056509
7.690000	-0.000243	0.094984
7.695000	0.001310	0.373394
7.700000	0.003606	0.622429
7.705000	0.005007	0.277346
7.710000	0.006861	0.475859
7.715000	0.009457	0.561334
7.720000	0.012322	0.414185
7.725000	0.014639	0.407190
7.730000	0.016438	0.347046
7.735000	0.019067	0.360545
7.740000	0.020144	0.140452
7.745000	0.020910	0.116119
7.750000	0.021944	0.200307
7.755000	0.023678	0.379135
7.760000	0.024746	0.032204
7.765000	0.025077	0.142759
7.770000	0.024756	-0.180221
7.775000	0.022496	-0.283380
7.780000	0.020298	-0.359762
7.785000	0.018637	-0.343500
7.790000	0.017321	-0.401186
7.795000	0.015612	-0.192156
7.800000	0.014063	-0.365647
7.805000	0.012103	-0.228276
7.810000	0.010904	-0.197858
7.815000	0.009383	-0.244324
7.820000	0.007491	-0.672543
7.825000	0.003368	-0.764767
7.830000	-0.000486	-1.050118
7.835000	-0.005416	-0.815736
7.840000	-0.008808	-0.639608
7.845000	-0.012074	-0.527298
7.850000	-0.014708	-0.569466
7.855000	-0.017978	-0.667227
7.860000	-0.021935	-0.783536
7.865000	-0.024922	-0.437767
7.870000	-0.026777	-0.411758
7.875000	-0.028801	-0.240570
7.880000	-0.029811	-0.113284
7.885000	-0.030787	-0.229427
7.890000	-0.032034	-0.169079
7.895000	-0.032538	0.022596
7.900000	-0.032334	-0.280715
7.905000	-0.033307	-0.259106
7.910000	-0.034257	-0.174820
7.915000	-0.034516	-0.120704
7.920000	-0.034802	-0.114765
7.925000	-0.035363	-0.122143
7.930000	-0.036800	-0.199824
7.935000	-0.037737	0.012817
7.940000	-0.037981	0.061062
7.945000	-0.037314	0.114002
7.950000	-0.036073	0.341467
7.955000	-0.033784	0.310306
7.960000	-0.032927	0.258247
7.965000	-0.031778	0.283557
7.970000	-0.030180	0.421124
7.975000	-0.028323	0.655724
7.980000	-0.024632	0.698648
7.985000	-0.020307	0.963831
7.990000	-0.016003	1.039222
7.995000	-0.009926	1.358972
8.000000	-0.003714	1.125212
8.005000	0.001559	0.959168
8.010000	0.004770	0.483677
8.015000	0.007024	0.329006
8.020000	0.007838	0.262805
8.025000	0.009802	0.129082
8.030000	0.010247	0.079231
8.035000	0.009863	0.020116
8.040000	0.009188	0.036124
8.045000	0.009737	0.199414
8.050000	0.010005	0.002757
8.055000	0.010068	-0.001919
8.060000	0.009270	0.001189
8.065000	0.009530	-0.068871
8.070000	0.010309	0.167005
8.075000	0.010895	0.149913
8.080000	0.011442	0.086723
8.085000	0.011871	0.246290
8.090000	0.012103	0.067130
8.095000	0.013773	0.366703
8.100000	0.015612	0.286470
8.105000	0.016939	0.058297
8.110000	0.017719	0.179366
8.115000	0.019411	0.405069
8.120000	0.020820	0.249704
8.125000	0.021096	-0.185790
8.130000	0.019689	-0.308098
8.135000	0.017922	-0.458128
8.140000	0.014465	-0.739042
8.145000	0.010023	-0.808322
8.150000	0.006544	-0.791161
8.155000	0.003298	-0.763637
8.160000	0.000227	-0.701358
8.165000	-0.001992	-0.297273
8.170000	-0.002875	0.028024
8.175000	-0.002815	0.151234
8.180000	-0.002262	0.076002
8.185000	-0.002013	-0.058227
8.190000	-0.003009	-0.127953
8.195000	-0.003202	-0.017404
8.200000	-0.002523	-0.001560
8.205000	-0.002489	0.183381
8.210000	-0.001419	0.183581
8.215000	0.000534	0.690024
8.220000	0.002987	0.425622
8.225000	0.004423	0.377142
8.230000	0.006854	0.465886
8.235000	0.007909	0.253705
8.240000	0.009478	0.204792
8.245000	0.010940	0.159059
8.250000	0.011227	0.063665
8.255000	0.011133	-0.146821
8.260000	0.010305	-0.120422
8.265000	0.009839	-0.043016
8.270000	0.009386	-0.373966
8.275000	0.007317	-0.503988
8.280000	0.004903	-0.599064
8.285000	0.003110	-0.128789
8.290000	0.002140	-0.220661
8.295000	0.002016	-0.032372
8.300000	0.001862	0.005677
8.305000	0.002428	0.274449
8.310000	0.003683	0.206501
8.315000	0.004395	0.208950
8.320000	0.005918	0.320062
8.325000	0.007281	0.293341
8.330000	0.008524	0.084755
8.335000	0.009332	0.066488
8.340000	0.009924	-0.044200
8.345000	0.010551	0.089202
8.350000	0.010537	-0.094970
8.355000	0.009122	-0.143119
8.360000	0.008211	-0.118597
8.365000	0.007535	0.001858
8.370000	0.007314	-0.086628
8.375000	0.006305	-0.292345
8.380000	0.003992	-0.566543
8.385000	0.000281	-0.879271
8.390000	-0.003427	-0.588840
8.395000	-0.005752	-0.372532
8.400000	-0.007729	-0.468658
8.405000	-0.010447	-0.583639
8.410000	-0.013013	-0.478604
8.415000	-0.014708	-0.091977
8.420000	-0.014316	0.143845
8.425000	-0.012706	0.309763
8.430000	-0.011517	0.117626
8.435000	-0.010665	0.167194
8.440000	-0.009983	0.064382
8.445000	-0.008540	0.279557
8.450000	-0.008696	-0.106395
8.455000	-0.010608	-0.296708
8.460000	-0.011553	-0.121441
8.465000	-0.012305	-0.212741
8.470000	-0.013425	-0.268221
8.475000	-0.015139	-0.240864
8.480000	-0.016316	0.017145
8.485000	-0.016363	0.025154
8.490000	-0.015454	0.197113
8.495000	-0.014747	0.181348
8.500000	-0.013418	0.150144
8.505000	-0.011551	0.619306
8.510000	-0.008335	0.553362
8.515000	-0.005571	0.575576
8.520000	-0.003045	0.555233
8.525000	0.000241	0.624910
8.530000	0.003191	0.350112
8.535000	0.004529	0.206313
8.540000	0.006008	0.292830
8.545000	0.007711	0.447465
8.550000	0.009165	0.252457
8.555000	0.010086	0.237587
8.560000	0.011033	0.344009
8.565000	0.013725	0.573334
8.570000	0.017499	0.848952
8.575000	0.021176	0.667712
8.580000	0.024439	0.539735
8.585000	0.025251	0.439848
8.590000	0.026834	0.275948
8.595000	0.027803	-0.061031
8.600000	0.026837	-0.343670
8.605000	0.025150	-0.319179
8.610000	0.022637	-0.616419
8.615000	0.020618	-0.461224
8.620000	0.018128	-0.648385
8.625000	0.014871	-0.561633
8.630000	0.012090	-0.594665
8.635000	0.009369	-0.425224
8.640000	0.006779	-0.394914
8.645000	0.004540	-0.384917
8.650000	0.003177	-0.493171
8.655000	-0.000211	-0.755897
8.660000	-0.002881	-0.528743
8.665000	-0.005689	-0.383812
8.670000	-0.008157	-0.498882
8.675000	-0.010066	-0.194015
8.680000	-0.010493	-0.128402
8.685000	-0.011660	-0.224150
8.690000	-0.012295	-0.000236
8.695000	-0.011863	0.194269
8.700000	-0.010636	0.295381
8.705000	-0.007868	0.449457
8.710000	-0.005927	0.264867
8.715000	-0.005470	0.061099
8.720000	-0.004655	0.320116
8.725000	-0.003582	0.221023
8.730000	-0.003514	-0.004235
8.735000	-0.003899	-0.194283
8.740000	-0.005460	-0.274331
8.745000	-0.006134	-0.084110
8.750000	-0.006823	-0.023110
8.755000	-0.006995	0.007596
8.760000	-0.007613	-0.022089
8.765000	-0.008110	0.039986
8.770000	-0.008242	0.014205
8.775000	-0.007690	0.173007
8.780000	-0.007185	0.086284
8.785000	-0.006602	0.066819
8.790000	-0.007104	0.004113
8.795000	-0.006177	-0.015261
8.800000	-0.006833	-0.013511
8.805000	-0.006338	0.212522
8.810000	-0.003868	0.314259
8.815000	-0.002811	0.024730
8.820000	-0.002273	0.072579
8.825000	-0.002813	-0.024435
8.830000	-0.002946	-0.106217
8.835000	-0.003410	-0.126067
8.840000	-0.002881	-0.037601
8.845000	-0.002309	0.052479
8.850000	-0.002116	0.032617
8.855000	-0.002155	-0.084262
8.860000	-0.001935	0.018745
8.865000	-0.001581	0.121277
8.870000	-0.001452	0.103568
8.875000	-0.001155	0.106812
8.880000	-0.000261	0.204993
8.885000	0.001489	0.283163
8.890000	0.002533	0.193343
8.895000	0.003202	0.110957
8.900000	0.003953	0.184937
8.905000	0.004537	-0.085296
8.910000	0.003118	-0.443077
8.915000	0.000247	-0.492576
8.920000	-0.003139	-0.871015
8.925000	-0.006961	-0.833691
8.930000	-0.011223	-0.979758
8.935000	-0.015764	-0.783334
8.940000	-0.019535	-0.543606
8.945000	-0.021117	-0.397972
8.950000	-0.023026	-0.483579
8.955000	-0.026004	-0.678483
8.960000	-0.029397	-0.645798
8.965000	-0.032708	-0.690520
8.970000	-0.035928	-0.670730
8.975000	-0.038362	-0.595969
8.980000	-0.040735	-0.481782
8.985000	-0.041958	-0.192214
8.990000	-0.043416	-0.356709
8.995000	-0.044583	-0.272660
9.000000	-0.045066	-0.179169
9.005000	-0.045467	-0.092957
9.010000	-0.045625	-0.027523
9.015000	-0.045159	0.092002
9.020000	-0.043963	0.180282
9.025000	-0.042559	0.498600
9.030000	-0.039310	0.615791
9.035000	-0.036660	0.581774
9.040000	-0.034114	0.602323
9.045000	-0.032310	0.220022
9.050000	-0.030874	0.450420
9.055000	-0.029196	0.241769
9.060000	-0.028655	0.105879
9.065000	-0.028246	-0.119984
9.070000	-0.028603	0.201597
9.075000	-0.027260	0.343310
9.080000	-0.024546	0.344936
9.085000	-0.023484	0.184506
9.090000	-0.021833	0.427330
9.095000	-0.020190	0.536201
9.100000	-0.017362	0.449260
9.105000	-0.014657	0.657554
9.110000	-0.012075	0.515888
9.115000	-0.009097	0.569577
9.120000	-0.006497	0.444284
9.125000	-0.003961	0.229363
9.130000	-0.002870	0.123549
9.135000	-0.002224	0.193745
9.140000	-0.001355	0.074447
9.145000	-0.000650	0.281550
9.150000	0.000487	-0.015472
9.155000	0.000030	0.053542
9.160000	-0.000801	-0.014733
9.165000	-0.000311	0.098991
9.170000	0.000027	0.186380
9.175000	0.000771	0.131289
9.180000	0.001212	-0.009170
9.185000	0.001455	0.159980
9.190000	0.002003	-0.034094
9.195000	0.002263	0.083464
9.200000	0.003238	0.277260
9.205000	0.003625	0.010193
9.210000	0.003648	-0.137496
9.215000	0.001922	-0.261586
9.220000	0.001931	0.080940
9.225000	0.002143	0.088596
9.230000	0.002606	0.022886
9.235000	0.003556	0.018492
9.240000	0.003583	-0.198823
9.245000	0.001688	-0.340528
9.250000	-0.001364	-0.544276
9.255000	-0.003517	-0.448083
9.260000	-0.005631	-0.258441
9.265000	-0.006167	0.019317
9.270000	-0.004806	0.312776
9.275000	-0.004470	0.005848
9.280000	-0.005280	-0.274906
9.285000	-0.006687	-0.282704
9.290000	-0.008448	-0.309541
9.295000	-0.010997	-0.297952
9.300000	-0.012519	-0.237655
9.305000	-0.013556	0.007997
9.310000	-0.013026	0.197553
9.315000	-0.011428	0.129622
9.320000	-0.010237	0.210035
9.325000	-0.009090	0.442974
9.330000	-0.006743	0.285055
9.335000	-0.005119	0.438416
9.340000	-0.004122	0.053303
9.345000	-0.003365	0.095080
9.350000	-0.002627	0.110883
9.355000	-0.003034	-0.241959
9.360000	-0.004305	-0.319151
9.365000	-0.004328	0.110282
9.370000	-0.004039	0.239425
9.375000	-0.004380	-0.031338
9.380000	-0.005067	-0.101388
9.385000	-0.004603	0.028364
9.390000	-0.004309	0.118487
9.395000	-0.004920	-0.160111
9.400000	-0.005003	0.009840
9.405000	-0.005018	-0.133920
9.410000	-0.006032	-0.150656
9.415000	-0.006975	-0.127777
9.420000	-0.007396	-0.145704
9.425000	-0.008769	-0.511227
9.430000	-0.011673	-0.390036
9.435000	-0.013973	-0.443222
9.440000	-0.016404	-0.401916
9.445000	-0.017742	-0.097923
9.450000	-0.019172	-0.032817
9.455000	-0.020043	-0.166586
9.460000	-0.019227	0.071204
9.465000	-0.018654	0.033605
9.470000	-0.017783	0.220729
9.475000	-0.016711	0.279126
9.480000	-0.015596	0.349160
9.485000	-0.013954	0.500264
9.490000	-0.012106	0.351137
9.495000	-0.010425	0.297239
9.500000	-0.009575	0.190474
9.505000	-0.008506	0.063837
9.510000	-0.007719	0.239264
9.515000	-0.005526	0.721964
9.520000	-0.001762	0.694990
9.525000	0.002095	0.548323
9.530000	0.005029	0.486680
9.535000	0.007782	0.662818
9.540000	0.010498	0.488911
9.545000	0.012464	0.304186
9.550000	0.014536	0.445079
9.555000	0.016431	0.361483
9.560000	0.018486	0.402126
9.565000	0.019963	0.290137
9.570000	0.021043	0.232579
9.575000	0.020856	0.083424
9.580000	0.021092	-0.000956
9.585000	0.021247	0.160800
9.590000	0.021904	0.030376
9.595000	0.020595	-0.080982
9.600000	0.019127	-0.312783
9.605000	0.017425	-0.370832
9.610000	0.014577	-0.565604
9.615000	0.012106	-0.390978
9.620000	0.011359	-0.246644
9.625000	0.009946	-0.287439
9.630000	0.008422	-0.325412
9.635000	0.006901	-0.274083
9.640000	0.006289	-0.011432
9.645000	0.005278	-0.300533
9.650000	0.004457	-0.217681
9.655000	0.003554	-0.196674
9.660000	0.003081	0.058593
9.665000	0.003859	0.270975
9.670000	0.005031	0.111446
9.675000	0.004894	-0.174770
9.680000	0.004177	-0.161308
9.685000	0.004160	0.114828
9.690000	0.004060	0.111714
9.695000	0.004567	0.136643
9.700000	0.004316	0.112817
9.705000	0.005037	0.028045
9.710000	0.005157	-0.054882
9.715000	0.004410	-0.016395
9.720000	0.004413	0.020259
9.725000	0.005184	0.193626
9.730000	0.005715	0.281756
9.735000	0.005955	0.060524
9.740000	0.005806	0.097173
9.745000	0.006256	0.096868
9.750000	0.007132	0.026063
9.755000	0.006751	-0.036334
9.760000	0.006360	-0.075443
9.765000	0.005172	-0.267417
9.770000	0.004495	-0.089245
9.775000	0.003789	-0.275815
9.780000	0.002617	-0.075596
9.785000	0.001989	-0.017719
9.790000	0.001454	-0.064844
9.795000	0.000790	-0.090848
9.800000	0.000857	0.005360
9.805000	0.000521	-0.051733
9.810000	-0.000008	-0.052981
9.815000	0.000366	0.219474
9.820000	0.002046	0.278695
9.825000	0.002298	-0.033608
9.830000	0.002375	0.022377
9.835000	0.002865	0.098291
9.840000	0.002515	-0.134883
9.845000	0.000688	-0.229177
9.850000	0.000272	-0.147801
9.855000	-0.000350	-0.038189
9.860000	-0.000055	-0.033185
9.865000	-0.000088	-0.080693
9.870000	-0.001145	-0.069162
9.875000	-0.001018	0.023290
9.880000	-0.002177	-0.251229
9.885000	-0.003303	-0.251246
9.890000	-0.003872	-0.052223
9.895000	-0.004231	0.175308
9.900000	-0.002863	0.298011
9.905000	-0.001447	0.264277
9.910000	-0.000560	0.216750
9.915000	-0.000247	0.143049
9.920000	0.000396	0.103013
9.925000	0.001564	0.181129
9.930000	0.001850	0.194206
9.935000	0.002947	0.312940
9.940000	0.004540	0.343166
9.945000	0.006598	0.270473
9.950000	0.007948	0.360263
9.955000	0.010350	0.445683
9.960000	0.012042	0.339961
9.965000	0.013133	0.246802
9.970000	0.013994	0.066496
9.975000	0.014226	0.114056
9.980000	0.014606	0.091717
9.985000	0.014891	0.228923
9.990000	0.015441	0.192803
9.995000	0.015811	-0.009758
10.000000	0.016184	0.071609
