811.450080
808.958479
806.486811
804.034917
801.602638
799.189817
796.796298
794.421928
792.066552
789.730020
787.412180
785.112882
782.831979
780.569323
778.324769
776.098171
773.889385
771.698270
769.524684
767.368486
765.229539
763.107702
761.002841
758.914818
756.843499
754.788751
752.750441
750.728438
748.722610
746.732829
744.758967
742.800895
740.858488
738.931620
737.020167
735.124006
733.243014
731.377070
729.526053
727.689845
725.868326
724.061379
722.268888
720.490737
718.726811
716.976997
715.241181
713.519251
711.811097
710.116608
708.435676
706.768190
705.114045
703.473132
701.845347
700.230584
698.628740
697.039710
695.463392
693.899685
692.348488
690.809700
689.283222
687.768956
686.266805
684.776670
683.298457
681.832069
680.377413
678.934393
677.502918
676.082895
674.674232
673.276838
671.890623
670.515498
669.151374
667.798163
666.455778
665.124132
663.803139
662.492714
661.192772
659.903230
658.624004
657.355012
656.096172
654.847402
653.608623
652.379754
651.160716
649.951430
648.751819
647.561804
646.381310
645.210259
644.048577
642.896189
641.753019
640.618995
639.494043
638.378091
637.271066
636.172898
635.083514
634.002846
632.930823
631.867377
630.812438
629.765938
628.727811
627.697988
626.676404
625.662993
624.657689
623.660428
622.671144
621.689775
620.716257
619.750527
618.792523
617.842183
616.899445
615.964249
615.036535
614.116243
613.203313
612.297687
611.399305
610.508111
609.624046
608.747054
607.877077
607.014061
606.157948
605.308684
604.466215
603.630485
602.801441
601.979030
601.163198
600.353892
599.551061
598.754652
597.964615
597.180898
596.403451
595.632223
594.867166
594.108228
593.355363
592.608520
591.867651
591.132710
590.403649
589.680419
588.962976
588.251272
587.545262
586.844900
586.150141
585.460940
584.777252
584.099034
583.426242
582.758832
582.096761
581.439987
580.788467
580.142160
579.501022
578.865014
578.234094
577.608221
576.987355
576.371457
575.760485
575.154401
574.553166
573.956741
573.365087
572.778166
572.195941
571.618373
571.045426
570.477063
569.913246
569.353940
568.799109
568.248716
567.702726
567.161104
566.623815
566.090825
565.562098
565.037602
564.517301
564.001162
563.489153
562.981240
562.477390
561.977571
561.481750
560.989896
560.501977
560.017961
559.537817
559.061515
558.589023
558.120311
557.655348
557.194105
556.736553
556.282660
555.832399
555.385740
554.942654
554.503112
554.067088
553.634551
553.205474
552.779831
552.357592
551.938731
551.523221
551.111036
550.702147
550.296530
549.894158
549.495005
549.099045
548.706252
548.316602
547.930069
547.546629
547.166256
546.788926
546.414614
546.043298
545.674951
545.309552
544.947075
544.587499
544.230799
543.876952
543.525937
543.177729
542.832307
542.489649
542.149732
541.812534
541.478033
541.146209
540.817039
540.490503
540.166579
539.845247
539.526485
539.210273
538.896590
538.585418
538.276734
537.970521
537.666756
537.365422
537.066499
536.769967
536.475807
536.184001
535.894529
535.607373
535.322514
535.039933
534.759614
534.481537
534.205685
533.932039
533.660583
533.391298
533.124168
532.859175
532.596301
532.335531
532.076847
531.820232
531.565670
531.313145
531.062639
530.814138
530.567625
530.323084
530.080499
529.839855
529.601137
529.364328
529.129413
528.896378
528.665207
528.435885
528.208398
527.982731
527.758869
527.536798
527.316504
527.097971
526.881188
526.666138
526.452809
526.241187
526.031257
525.823007
525.616423
525.411492
525.208200
525.006534
524.806482
524.608030
524.411166
524.215876
524.022149
523.829972
523.639332
523.450218
523.262616
523.076515
522.891903
522.708768
522.527098
522.346881
522.168106
521.990761
521.814835
521.640316
521.467194
521.295456
521.125092
520.956092
520.788443
520.622135
520.457158
520.293501
520.131153
519.970104
519.810343
519.651860
519.494645
519.338688
519.183979
519.030507
518.878263
518.727237
518.577419
518.428799
518.281369
518.135118
517.990037
517.846117
517.703348
517.561721
517.421227
517.281858
517.143603
517.006454
516.870402
516.735439
516.601556
516.468743
516.336993
516.206297
516.076647
515.948034
515.820449
515.693886
515.568335
515.443788
515.320238
515.197676
515.076094
514.955486
514.835842
514.717155
514.599418
514.482622
514.366761
514.251827
514.137813
514.024710
513.912513
513.801212
513.690803
513.581276
513.472626
513.364845
513.257926
513.151863
513.046648
512.942275
512.838737
512.736027
512.634139
512.533065
512.432801
512.333339
512.234672
512.136794
512.039700
511.943382
511.847835
511.753053
511.659028
511.565756
511.473230
511.381444
511.290393
511.200070
511.110469
511.021585
510.933413
510.845945
510.759178
510.673104
510.587719
510.503018
510.418994
510.335642
510.252956
510.170933
510.089565
510.008849
509.928778
509.849348
509.770553
509.692389
509.614849
509.537931
509.461627
509.385934
509.310847
509.236360
509.162469
509.089169
509.016456
508.944324
508.872770
508.801788
508.731373
508.661522
508.592230
508.523492
508.455304
508.387662
508.320561
508.253996
508.187964
508.122460
508.057481
507.993021
507.929077
507.865644
507.802719
507.740297
507.678375
507.616948
507.556012
507.495564
507.435600
507.376115
507.317106
507.258569
507.200501
507.142897
507.085753
507.029067
506.972835
506.917052
506.861716
506.806822
506.752367
506.698348
506.644762
506.591604
506.538871
506.486560
506.434667
506.383190
506.332124
506.281467
506.231216
506.181366
506.131915
506.082860
506.034197
505.985923
505.938036
505.890532
505.843407
505.796660
505.750287
505.704285
505.658650
505.613381
505.568474
505.523926
505.479735
505.435897
505.392410
505.349270
505.306476
505.264024
505.221912
505.180137
505.138696
505.097586
505.056806
505.016351
504.976220
504.936411
504.896919
504.857744
504.818882
504.780331
504.742088
504.704152
504.666518
504.629186
504.592153
504.555416
504.518972
504.482820
504.446958
504.411382
504.376091
504.341082
504.306354
504.271903
504.237728
504.203826
504.170195
504.136834
504.103739
504.070909
504.038342
504.006035
503.973987
503.942195
503.910657
503.879372
503.848337
503.817550
503.787010
503.756714
503.726660
503.696847
503.667272
503.637934
503.608831
503.579960
503.551320
503.522910
503.494726
503.466769
503.439034
503.411522
503.384230
503.357156
503.330299
503.303657
503.277227
503.251009
503.225001
503.199201
503.173608
503.148219
503.123033
503.098049
503.073264
503.048678
503.024289
503.000095
502.976094
502.952285
502.928667
502.905237
502.881996
502.858940
502.836068
502.813380
502.790873
502.768546
502.746397
502.724426
502.702631
502.681010
502.659561
502.638285
502.617179
502.596241
502.575471
502.554868
502.534429
502.514153
502.494040
502.474088
502.454295
502.434661
502.415183
502.395862
502.376695
502.357681
502.338820
502.320109
502.301549
502.283136
502.264871
502.246752
502.228778
502.210948
502.193260
502.175714
502.158308
502.141042
502.123914
502.106922
502.090067
502.073346
502.056760
502.040306
502.023983
502.007791
501.991729
501.975795
501.959989
501.944309
501.928754
501.913324
501.898018
501.882834
501.867771
501.852829
501.838006
501.823302
501.808716
501.794246
501.779892
501.765653
501.751528
501.737515
501.723615
501.709826
501.696148
501.682579
501.669118
501.655765
501.642519
501.629379
501.616344
501.603413
501.590586
501.577861
501.565238
501.552716
501.540294
501.527972
501.515748
501.503622
501.491593
501.479661
501.467823
501.456081
501.444432
501.432877
501.421414
501.410042
501.398762
501.387572
501.376471
501.365459
501.354536
501.343700
501.332950
501.322286
501.311708
501.301214
501.290805
501.280478
501.270234
501.260073
501.249992
501.239992
501.230072
501.220232
501.210470
501.200786
501.191180
501.181650
501.172197
501.162819
501.153517
501.144289
501.135134
501.126053
501.117045
501.108109
501.099244
501.090450
501.081726
501.073072
501.064488
501.055972
501.047524
501.039144
501.030831
501.022584
501.014403
501.006288
500.998238
500.990252
500.982330
500.974471
500.966676
500.958942
500.951271
500.943660
500.936111
500.928622
500.921193
500.913824
500.906513
500.899261
500.892067
500.884930
500.877851
500.870828
500.863862
500.856951
500.850095
500.843294
500.836548
500.829856
500.823217
500.816631
500.810098
500.803617
500.797188
500.790811
500.784484
500.778208
500.771983
500.765807
500.759680
500.753603
500.747574
500.741593
500.735661
500.729775
500.723937
500.718146
500.712401
500.706701
500.701048
500.695439
500.689876
500.684357
500.678882
500.673451
500.668063
500.662719
500.657417
500.652158
500.646940
500.641765
500.636631
500.631538
500.626485
500.621474
500.616502
500.611570
500.606677
500.601824
500.597009
500.592233
500.587495
500.582795
500.578133
500.573508
500.568920
500.564368
500.559854
500.555375
500.550932
500.546524
500.542152
500.537815
500.533512
500.529244
500.525010
500.520810
500.516644
500.512511
500.508410
500.504343
500.500308
500.496306
500.492336
500.488397
500.484490
500.480614
500.476769
500.472955
500.469171
500.465418
500.461694
500.458001
500.454337
500.450702
500.447096
500.443520
500.439972
500.436452
500.432960
500.429496
500.426061
500.422652
500.419271
500.415917
500.412589
500.409289
500.406014
500.402766
500.399544
500.396348
500.393177
500.390031
500.386911
500.383816
500.380745
500.377699
500.374678
500.371680
500.368707
500.365757
500.362831
500.359929
500.357049
500.354193
500.351359
500.348548
500.345760
500.342994
500.340250
500.337528
500.334828
500.332149
500.329492
500.326856
500.324241
500.321647
500.319074
500.316521
500.313989
500.311477
500.308986
500.306514
500.304062
500.301629
500.299216
500.296822
500.294448
500.292092
500.289755
500.287437
500.285138
500.282857
500.280594
500.278349
500.276122
500.273913
500.271722
500.269548
500.267392
500.265253
500.263131
500.261026
500.258938
500.256866
500.254811
500.252773
500.250750
500.248744
500.246754
500.244780
500.242822
500.240880
500.238953
500.237041
500.235145
500.233263
500.231397
500.229546
500.227710
500.225888
500.224081
500.222288
500.220510
500.218746
500.216996
500.215260
500.213538
500.211830
500.210135
500.208454
500.206786
500.205132
500.203491
500.201863
500.200248
500.198646
500.197057
500.195481
500.193917
500.192365
500.190826
500.189300
500.187785
500.186283
500.184793
500.183315
500.181848
500.180393
500.178950
500.177518
500.176098
500.174690
500.173292
500.171906
500.170530
500.169166
500.167813
500.166470
500.165139
500.163817
500.162507
500.161207
500.159917
500.158638
500.157369
500.156110
500.154861
500.153622
500.152393
500.151174
500.149965
500.148765
500.147575
500.146394
500.145223
500.144061
500.142909
500.141765
500.140631
500.139506
500.138390
500.137283
500.136185
500.135095
500.134015
500.132942
500.131879
500.130824
500.129777
500.128739
500.127709
500.126688
500.125674
500.124669
500.123671
500.122682
500.121700
500.120727
500.119761
500.118803
500.117853
500.116910
500.115974
500.115047
500.114126
500.113213
500.112308
500.111409
500.110518
500.109634
500.108757
500.107887
500.107023
500.106167
500.105318
500.104475
500.103640
500.102810
500.101988
500.101172
500.100363
500.099560
500.098763
500.097973
500.097189
500.096412
500.095641
500.094875
500.094116
500.093364
500.092617
500.091876
500.091141
500.090412
500.089688
500.088971
500.088259
500.087553
500.086853
500.086158
500.085468
500.084785
500.084106
500.083434
500.082766
500.082104
500.081447
500.080796
500.080149
500.079508
500.078872
500.078241
500.077615
500.076994
500.076378
500.075767
500.075161
500.074560
500.073963
500.073372
500.072785
500.072202
500.071625
500.071052
500.070483
500.069919
500.069360
500.068805
500.068255
500.067709
500.067167
500.066630
500.066097
500.065568
500.065043
500.064523
500.064007
500.063495
500.062987
500.062483
500.061983
500.061487
500.060995
500.060507
500.060023
500.059543
500.059067
500.058594
500.058125
500.057660
500.057199
500.056742
500.056288
500.055837
500.055391
500.054947
500.054508
500.054072
500.053639
500.053210
500.052784
500.052362
500.051943
500.051528
500.051116
500.050707
500.050301
500.049899
500.049499
500.049103
500.048711
500.048321
500.047934
500.047551
500.047170
500.046793
500.046419
500.046047
500.045679
500.045314
500.044951
500.044591
500.044235
500.043881
500.043530
500.043182
500.042836
500.042493
500.042153
500.041816
500.041482
500.041150
500.040821
500.040494
500.040170
500.039849
500.039530
500.039214
500.038900
500.038589
500.038280
500.037974
500.037670
500.037369
500.037070
500.036773
500.036479
500.036187
500.035898
500.035610
500.035326
500.035043
500.034763
500.034485
500.034209
500.033935
500.033664
500.033394
500.033127
500.032862
500.032599
500.032338
500.032080
500.031823
500.031568
500.031316
500.031065
500.030817
500.030570
500.030326
500.030083
500.029842
500.029604
500.029367
500.029132
500.028899
500.028668
500.028438
500.028211
500.027985
500.027761
500.027539
500.027319
500.027100
500.026884
500.026668
500.026455
500.026243
500.026034
500.025825
500.025619
500.025414
500.025210
500.025009
500.024809
500.024610
500.024413
500.024218
500.024024
500.023832
500.023641
500.023452
500.023265
500.023079
500.022894
500.022711
500.022529
500.022349
500.022170
500.021993
500.021817
500.021642
500.021469
500.021297
500.021127
500.020958
500.020790
500.020624
500.020459
500.020295
500.020133
500.019972
500.019812
500.019654
500.019496
500.019340
500.019186
500.019032
500.018880
500.018729
500.018579
500.018430
500.018283
500.018137
500.017992
500.017848
500.017705
500.017563
500.017423
500.017283
500.017145
500.017008
500.016872
500.016737
500.016603
500.016470
500.016338
500.016208
500.016078
500.015949
500.015822
500.015695
500.015570
500.015445
500.015322
500.015199
500.015077
500.014957
500.014837
500.014718
500.014601
500.014484
500.014368
500.014253
500.014139
500.014026
500.013914
500.013802
500.013692
500.013582
500.013474
500.013366
500.013259
500.013153
500.013048
500.012943
500.012840
500.012737
500.012635
500.012534
500.012434
500.012334
500.012236
500.012138
500.012041
500.011944
500.011849
500.011754
500.011660
500.011567
500.011474
500.011382
500.011291
500.011201
500.011111
500.011023
500.010934
500.010847
500.010760
500.010674
500.010589
500.010504
500.010420
500.010337
500.010254
500.010172
500.010090
500.010010
500.009930
500.009850
500.009771
500.009693
500.009616
500.009539
500.009462
500.009387
500.009312
500.009237
500.009163
500.009090
500.009017
500.008945
500.008874
500.008803
500.008732
500.008662
500.008593
500.008524
500.008456
500.008388
500.008321
500.008255
500.008189
500.008123
500.008058
500.007994
500.007930
500.007866
500.007803
500.007741
500.007679
500.007618
500.007557
500.007496
500.007436
500.007377
500.007318
500.007259
500.007201
500.007144
500.007086
500.007030
500.006973
500.006918
500.006862
500.006807
500.006753
500.006699
500.006645
500.006592
500.006539
500.006487
500.006435
500.006384
500.006333
500.006282
500.006232
500.006182
500.006132
500.006083
500.006035
500.005986
500.005939
500.005891
500.005844
500.005797
500.005751
500.005705
500.005659
500.005614
500.005569
500.005524
500.005480
500.005436
500.005393
500.005350
500.005307
500.005264
500.005222
500.005181
500.005139
500.005098
500.005057
500.005017
500.004977
500.004937
500.004897
500.004858
500.004819
500.004781
500.004743
500.004705
500.004667
500.004630
500.004593
500.004556
500.004519
500.004483
500.004447
500.004412
500.004376
500.004341
500.004307
500.004272
500.004238
500.004204
500.004171
500.004137
500.004104
500.004071
500.004039
500.004006
500.003974
500.003943
500.003911
500.003880
500.003849
500.003818
500.003787
500.003757
500.003727
500.003697
500.003668
500.003638
500.003609
500.003580
500.003552
500.003523
500.003495
500.003467
500.003439
500.003412
500.003385
500.003357
500.003331
500.003304
500.003278
500.003251
500.003225
500.003199
500.003174
500.003148
500.003123
500.003098
500.003074
500.003049
500.003025
500.003000
500.002976
500.002953
500.002929
500.002905
500.002882
500.002859
500.002836
500.002814
500.002791
500.002769
500.002747
500.002725
500.002703
500.002681
500.002660
500.002639
500.002617
500.002596
500.002576
500.002555
500.002535
500.002514
500.002494
500.002474
500.002455
500.002435
500.002415
500.002396
500.002377
500.002358
500.002339
500.002320
500.002302
500.002283
500.002265
500.002247
500.002229
500.002211
500.002193
500.002176
500.002158
500.002141
500.002124
500.002107
500.002090
500.002074
500.002057
500.002040
500.002024
500.002008
500.001992
500.001976
500.001960
500.001944
500.001929
500.001913
500.001898
500.001883
500.001868
500.001853
500.001838
500.001823
500.001809
500.001794
500.001780
500.001766
500.001752
500.001738
500.001724
500.001710
500.001696
500.001683
500.001669
500.001656
500.001643
500.001630
500.001616
500.001604
500.001591
500.001578
500.001565
500.001553
500.001540
500.001528
500.001516
500.001504
500.001492
500.001480
500.001468
500.001456
500.001445
500.001433
500.001422
500.001410
500.001399
500.001388
500.001377
500.001366
500.001355
500.001344
500.001333
500.001322
500.001312
500.001301
500.001291
500.001281
500.001270
500.001260
500.001250
500.001240
500.001230
500.001220
500.001211
500.001201
500.001191
500.001182
500.001172
500.001163
500.001154
500.001144
500.001135
500.001126
500.001117
500.001108
500.001099
500.001091
500.001082
500.001073
500.001065
500.001056
500.001048
500.001039
500.001031
500.001023
500.001014
500.001006
500.000998
500.000990
500.000982
500.000975
500.000967
500.000959
500.000951
500.000944
500.000936
500.000929
500.000921
500.000914
500.000907
500.000899
500.000892
500.000885
500.000878
500.000871
500.000864
500.000857
500.000850
500.000843
500.000837
500.000830
500.000823
500.000817
500.000810
500.000804
500.000797
500.000791
500.000785
500.000778
500.000772
500.000766
500.000760
500.000754
500.000748
500.000742
500.000736
500.000730
500.000724
500.000718
500.000712
500.000707
500.000701
500.000696
500.000690
500.000684
500.000679
500.000674
500.000668
500.000663
500.000657
500.000652
500.000647
500.000642
500.000637
500.000632
500.000627
500.000622
500.000617
500.000612
500.000607
500.000602
500.000597
500.000592
500.000588
500.000583
500.000578
500.000574
500.000569
500.000564
500.000560
500.000555
500.000551
500.000547
500.000542
500.000538
500.000534
500.000529
500.000525
500.000521
500.000517
500.000513
500.000508
500.000504
500.000500
500.000496
500.000492
500.000488
500.000485
500.000481
500.000477
500.000473
500.000469
500.000465
500.000462
500.000458
500.000454
500.000451
500.000447
500.000444
500.000440
500.000436
500.000433
500.000430
500.000426
500.000423
500.000419
500.000416
500.000413
500.000409
500.000406
500.000403
500.000400
500.000396
500.000393
500.000390
500.000387
500.000384
500.000381
500.000378
500.000375
500.000372
500.000369
500.000366
500.000363
500.000360
500.000357
500.000354
500.000351
500.000349
500.000346
500.000343
500.000340
500.000338
500.000335
500.000332
500.000330
500.000327
500.000324
500.000322
500.000319
500.000317
500.000314
500.000312
500.000309
500.000307
500.000304
500.000302
500.000299
500.000297
500.000294
500.000292
500.000290
500.000287
500.000285
500.000283
500.000281
500.000278
500.000276
500.000274
500.000272
500.000270
500.000267
500.000265
500.000263
500.000261
500.000259
500.000257
500.000255
500.000253
500.000251
500.000249
500.000247
500.000245
500.000243
500.000241
500.000239
500.000237
500.000235
500.000233
500.000231
500.000230
500.000228
500.000226
500.000224
500.000222
500.000221
500.000219
500.000217
500.000215
500.000214
500.000212
500.000210
500.000208
500.000207
500.000205
500.000204
500.000202
500.000200
500.000199
500.000197
500.000195
500.000194
500.000192
500.000191
500.000189
500.000188
500.000186
500.000185
500.000183
500.000182
500.000180
500.000179
500.000178
500.000176
500.000175
500.000173
500.000172
500.000171
500.000169
500.000168
500.000166
500.000165
500.000164
500.000163
500.000161
500.000160
500.000159
500.000157
500.000156
500.000155
500.000154
500.000152
500.000151
500.000150
500.000149
500.000148
500.000146
500.000145
500.000144
500.000143
500.000142
500.000141
500.000140
500.000138
500.000137
500.000136
500.000135
500.000134
500.000133
500.000132
500.000131
500.000130
500.000129
500.000128
500.000127
500.000126
500.000125
500.000124
500.000123
500.000122
500.000121
500.000120
500.000119
500.000118
500.000117
500.000116
500.000115
500.000114
500.000113
500.000112
500.000111
500.000111
500.000110
500.000109
500.000108
500.000107
500.000106
500.000105
500.000104
500.000104
500.000103
500.000102
500.000101
500.000100
500.000100
500.000099
500.000098
500.000097
500.000096
500.000096
500.000095
500.000094
500.000093
500.000093
500.000092
500.000091
500.000090
500.000090
500.000089
500.000088
500.000088
500.000087
500.000086
500.000085
500.000085
500.000084
500.000083
500.000083
500.000082
500.000081
500.000081
500.000080
500.000080
500.000079
500.000078
500.000078
500.000077
500.000076
500.000076
500.000075
500.000075
500.000074
500.000073
500.000073
500.000072
500.000072
500.000071
500.000070
500.000070
500.000069
500.000069
500.000068
500.000068
500.000067
500.000067
500.000066
500.000066
500.000065
500.000065
500.000064
500.000064
500.000063
500.000062
500.000062
500.000061
500.000061
500.000061
500.000060
500.000060
500.000059
500.000059
500.000058
500.000058
500.000057
500.000057
500.000056
500.000056
500.000055
500.000055
500.000055
500.000054
500.000054
500.000053
500.000053
500.000052
500.000052
500.000052
500.000051
500.000051
500.000050
500.000050
500.000050
500.000049
500.000049
500.000048
500.000048
500.000048
500.000047
500.000047
500.000046
500.000046
500.000046
500.000045
500.000045
500.000045
500.000044
500.000044
500.000044
500.000043
500.000043
500.000042
500.000042
500.000042
500.000041
500.000041
500.000041
500.000040
500.000040
500.000040
500.000040
500.000039
500.000039
500.000039
500.000038
500.000038
500.000038
500.000037
500.000037
500.000037
500.000036
500.000036
500.000036
500.000036
500.000035
500.000035
500.000035
500.000034
500.000034
500.000034
500.000034
500.000033
500.000033
500.000033
500.000033
500.000032
500.000032
500.000032
500.000032
500.000031
500.000031
500.000031
500.000031
500.000030
500.000030
500.000030
500.000030
500.000029
500.000029
500.000029
500.000029
500.000028
500.000028
500.000028
500.000028
500.000028
500.000027
500.000027
500.000027
500.000027
500.000026
500.000026
500.000026
500.000026
500.000026
500.000025
500.000025
500.000025
500.000025
500.000025
500.000024
500.000024
500.000024
500.000024
500.000024
500.000023
500.000023
500.000023
500.000023
500.000023
500.000023
500.000022
500.000022
500.000022
500.000022
500.000022
500.000021
500.000021
500.000021
500.000021
500.000021
500.000021
500.000020
500.000020
500.000020
500.000020
500.000020
500.000020
500.000019
500.000019
500.000019
500.000019
500.000019
500.000019
500.000019
500.000018
500.000018
500.000018
500.000018
500.000018
500.000018
500.000018
500.000017
500.000017
500.000017
500.000017
500.000017
500.000017
500.000017
500.000016
500.000016
500.000016
500.000016
500.000016
500.000016
500.000016
500.000016
500.000015
500.000015
500.000015
500.000015
500.000015
500.000015
500.000015
500.000015
500.000014
500.000014
500.000014
500.000014
500.000014
500.000014
500.000014
500.000014
500.000014
500.000013
500.000013
500.000013
500.000013
500.000013
500.000013
500.000013
500.000013
500.000013
500.000013
500.000012
500.000012
500.000012
500.000012
500.000012
500.000012
500.000012
500.000012
500.000012
500.000012
500.000011
500.000011
500.000011
500.000011
500.000011
500.000011
500.000011
500.000011
500.000011
500.000011
500.000011
500.000011
500.000010
500.000010
500.000010
500.000010
500.000010
500.000010
500.000010
500.000010
500.000010
500.000010
500.000010
500.000010
500.000009
500.000009
500.000009
500.000009
500.000009
500.000009
500.000009
500.000009
500.000009
500.000009
500.000009
500.000009
500.000009
500.000009
500.000008
500.000008
500.000008
500.000008
500.000008
500.000008
500.000008
500.000008
500.000008
500.000008
500.000008
500.000008
500.000008
500.000008
500.000008
500.000007
500.000007
500.000007
500.000007
500.000007
500.000007
500.000007
500.000007
500.000007
500.000007
500.000007
500.000007
500.000007
500.000007
500.000007
500.000007
500.000007
500.000007
500.000006
500.000006
500.000006
500.000006
500.000006
500.000006
500.000006
500.000006
500.000006
500.000006
500.000006
500.000006
500.000006
500.000006
500.000006
500.000006
500.000006
500.000006
500.000006
500.000006
500.000006
500.000005
500.000005
500.000005
500.000005
500.000005
500.000005
500.000005
500.000005
500.000005
500.000005
500.000005
500.000005
500.000005
500.000005
500.000005
500.000005
500.000005
500.000005
500.000005
500.000005
500.000005
500.000005
500.000005
500.000005
500.000005
500.000004
500.000004
500.000004
500.000004
500.000004
500.000004
500.000004
500.000004
500.000004
500.000004
500.000004
500.000004
500.000004
500.000004
500.000004
500.000004
500.000004
500.000004
500.000004
500.000004
500.000004
500.000004
500.000004
500.000004
500.000004
500.000004
500.000004
500.000004
500.000004
500.000004
500.000004
500.000003
500.000003
500.000003
500.000003
500.000003
500.000003
500.000003
500.000003
500.000003
500.000003
500.000003
500.000003
500.000003
500.000003
500.000003
500.000003
500.000003
500.000003
500.000003
500.000003
500.000003
500.000003
500.000003
500.000003
500.000003
500.000003
500.000003
500.000003
500.000003
500.000003
500.000003
500.000003
500.000003
500.000003
500.000003
500.000003
500.000003
500.000003
500.000003
500.000003
500.000003
500.000003
500.000002
500.000002
500.000002
500.000002
500.000002
500.000002
500.000002
500.000002
500.000002
500.000002
500.000002
500.000002
500.000002
500.000002
500.000002
500.000002
500.000002
500.000002
500.000002
500.000002
500.000002
500.000002
500.000002
500.000002
500.000002
500.000002
500.000002
500.000002
500.000002
500.000002
500.000002
500.000002
500.000002
500.000002
500.000002
500.000002
500.000002
500.000002
500.000002
500.000002
500.000002
500.000002
500.000002
500.000002
500.000002
500.000002
500.000002
500.000002
500.000002
500.000002
500.000002
500.000002
500.000002
500.000002
500.000002
500.000002
500.000002
500.000002
500.000002
500.000002
500.000002
500.000002
500.000002
500.000002
500.000001
500.000001
500.000001
500.000001
500.000001
500.000001
500.000001
500.000001
500.000001
500.000001
500.000001
500.000001
500.000001
500.000001
500.000001
500.000001
500.000001
500.000001
500.000001
500.000001
500.000001
500.000001
500.000001
500.000001
500.000001
500.000001
500.000001
500.000001
500.000001
500.000001
500.000001
500.000001
500.000001
500.000001
500.000001
500.000001
500.000001
500.000001
500.000001
500.000001
500.000001
500.000001
500.000001
500.000001
500.000001
500.000001
500.000001
500.000001
500.000001
500.000001
500.000001
500.000001
500.000001
500.000001
500.000001
500.000001
500.000001
500.000001
500.000001
500.000001
500.000001
500.000001
500.000001
500.000001
500.000001
500.000001
500.000001
500.000001
500.000001
500.000001
500.000001
500.000001
500.000001
500.000001
500.000001
500.000001
500.000001
500.000001
500.000001
500.000001
500.000001
500.000001
500.000001
500.000001
500.000001
500.000001
500.000001
500.000001
500.000001
500.000001
500.000001
500.000001
500.000001
500.000001
500.000001
500.000001
500.000001
500.000001
500.000001
500.000001
500.000001
500.000001
500.000001
500.000001
500.000001
500.000001
500.000001
500.000001
500.000001
500.000001
500.000001
500.000001
500.000001
500.000001
500.000001
