0.916803
0.846180
0.785039
0.731536
0.684191
0.641748
0.603646
0.569070
0.537105
0.507856
0.481060
0.456077
0.433032
0.411492
0.391505
0.372481
0.354802
0.338188
0.322707
0.308329
0.294737
0.282030
0.270034
0.258490
0.247197
0.236756
0.226706
0.217002
0.207481
0.198380
0.189904
0.181985
0.174473
0.167008
0.160008
0.153327
0.147219
0.141180
0.135345
0.129922
0.124795
0.120086
0.115300
0.110994
0.106591
0.102509
0.098630
0.094903
0.091226
0.087305
0.083348
0.079601
0.076326
0.073373
0.070646
0.068213
0.065694
0.063323
0.061135
0.059220
0.057354
0.055517
0.053916
0.052277
0.050840
0.049344
0.047765
0.045968
0.044159
0.042654
0.041331
0.039995
0.039008
0.038016
0.037337
0.036507
0.035658
0.034767
0.033906
0.033006
0.032320
0.031465
0.030691
0.030392
0.030107
0.029708
0.029216
0.028403
0.027598
0.026842
0.026331
0.025505
0.024857
0.024303
0.023998
0.023541
0.023233
0.022595
0.022170
0.021746
0.021628
0.021080
0.020415
0.019713
0.019014
0.018386
0.017803
0.017072
0.016309
0.015568
0.014816
0.014494
0.013859
0.013394
0.012807
0.011936
0.011089
0.010037
0.009623
0.009216
0.009018
0.008637
0.008425
0.008239
0.007865
0.007842
0.007788
0.007799
0.007635
0.007542
0.007421
0.007007
0.006883
0.006588
0.006082
0.006147
0.006278
0.006527
0.006254
0.006117
0.005614
0.005153
0.004734
0.004445
0.004600
0.004893
0.005412
0.005897
0.006619
0.007149
0.007583
0.008007
0.008278
0.008868
0.009356
0.009615
0.009874
0.009912
0.009765
0.009463
0.009235
0.008992
0.008888
0.008640
0.008263
0.008055
0.007914
0.007715
0.007668
0.007658
0.008153
0.008569
0.008449
0.008221
0.007961
0.007878
0.007570
0.007179
0.007025
0.006846
0.006688
0.006541
0.006113
0.005983
0.005872
0.005832
0.005623
0.005572
0.005705
0.005580
0.005282
0.005043
0.004703
0.004422
0.004079
0.003923
0.003714
0.003495
0.003401
