1.916825
2.785637
3.614549
4.402232
5.158272
5.878072
6.571196
7.240630
7.870288
8.488671
9.086012
9.654672
10.211466
10.755952
11.249401
11.751355
12.248451
12.661957
13.173778
13.588732
14.053778
14.453752
14.828887
15.229787
15.601684
15.976929
16.327877
16.673610
17.007685
17.358035
17.671514
17.904640
18.375953
18.551379
18.955809
19.129001
19.441325
19.635883
20.025662
20.187209
20.474391
20.774158
20.959303
21.158863
21.362844
21.624384
21.827476
22.071683
22.152158
22.398142
22.791294
22.804939
23.019009
23.209448
23.379768
23.630718
23.729089
23.942129
23.984631
24.378501
24.369504
24.645260
24.632742
24.691369
25.078435
25.035843
25.383224
25.327514
25.600728
25.568404
25.902827
25.958431
25.764951
26.191349
26.301157
26.314292
26.512296
26.694112
26.611378
26.880884
26.957386
26.985987
27.121601
27.230838
27.368990
27.612365
27.665270
27.572083
27.718604
28.128081
27.894188
28.119731
28.138728
28.042593
28.337026
28.375179
28.677137
28.169936
28.387548
28.629060
28.773689
28.909697
28.894138
29.094782
29.062909
29.300693
29.173304
29.131176
29.310897
29.141645
29.744447
29.740998
29.533758
29.761906
29.898695
29.776057
30.028663
30.038040
30.276615
30.153625
30.146318
30.548300
30.547264
30.105414
30.725097
30.623930
30.345366
30.485738
30.471621
30.671854
30.703198
30.597937
30.615166
30.964309
31.275011
30.714569
31.016496
31.021043
30.799089
31.074305
31.275204
31.074152
31.555432
31.554528
31.597960
30.676334
31.487050
31.604359
31.222380
31.260232
31.104313
31.543490
31.507597
32.005842
32.191509
31.906293
31.509173
31.992520
31.812260
32.240894
32.132537
32.578515
31.954964
32.099692
31.590667
32.425897
32.420449
32.042894
32.104401
31.960325
32.024489
32.844765
32.271896
32.298106
32.732742
32.020920
32.997120
32.556436
32.336814
32.338408
32.609439
32.753108
32.787986
32.676427
32.444638
32.832962
33.246390
33.603294
32.639539
33.538646
33.676163
33.007388
33.187010
33.368883
33.121426
33.128422
33.150321
33.446722
32.836069
33.064940
33.609834
33.115559
32.652109
34.197268
32.785822
32.999563
33.130516
33.345655
33.495712
33.150793
33.551680
33.761978
33.196620
33.106540
33.304953
34.162806
32.649301
33.518845
34.249179
33.835744
33.175766
34.075654
33.073626
33.353651
33.266933
33.165197
33.400932
33.964249
33.782466
33.663984
33.054327
34.526626
34.418186
33.858042
34.513755
33.459556
35.005849
34.168636
34.421030
34.426617
34.380823
33.638748
34.144781
33.665973
34.736251
34.840892
34.219518
34.562819
34.546895
33.728257
34.776103
34.252710
34.889052
34.268930
35.092642
34.568985
34.873242
34.421536
34.222375
34.596038
34.475181
34.694905
34.965358
35.769511
34.509351
34.472158
34.250170
34.564986
35.130698
35.067007
34.468010
35.092138
35.398007
34.329396
34.316575
35.252462
34.782564
35.022201
33.986773
34.577500
35.134883
34.688371
34.896244
35.470694
34.986224
34.484294
34.904741
34.827202
34.858856
34.555761
35.049054
34.890274
34.431166
34.556210
34.441093
35.199557
35.660662
34.642911
34.714831
35.181431
34.317406
34.373742
34.803329
34.754277
34.161286
34.614327
34.772147
34.796371
35.430127
35.076134
35.040029
34.371261
35.744096
35.236482
35.501621
35.539192
35.444676
35.280278
35.050456
35.537272
35.129789
36.128920
35.547970
33.699205
35.630620
35.908545
35.701452
35.183439
35.809719
35.573821
34.950412
34.033634
34.832868
35.484820
35.831959
34.882293
34.881295
36.316094
35.244720
35.513124
35.767539
36.020432
35.280056
36.071813
35.770383
35.089215
34.539691
36.350400
35.553803
36.371935
34.992392
35.426359
35.358231
36.182628
35.979588
35.294723
36.286785
37.010681
35.674588
36.326494
34.794250
35.951380
35.504064
36.082005
36.313810
36.426007
37.284248
36.790701
36.506745
35.595024
35.663723
35.876040
36.997246
36.137138
36.493621
35.339663
36.468096
35.057795
36.288307
36.237033
35.780622
36.252445
37.336333
36.933197
36.014835
37.429647
36.681695
35.644406
36.494872
36.123166
36.753025
36.772993
35.966842
36.930757
36.181342
36.114221
36.548511
36.003566
36.084434
36.232660
36.418961
36.176153
37.092109
36.071888
36.194733
35.820354
36.881736
36.403235
36.596019
37.234733
35.577884
36.151352
35.250087
37.575939
36.063779
35.608465
36.516362
36.126229
36.241302
35.898590
35.487861
36.890261
36.574379
35.776027
35.477334
36.797740
35.336908
36.616612
35.237103
36.252700
35.869342
36.543688
37.030621
37.595768
35.770925
36.709346
36.823570
36.933260
37.362491
35.408164
36.122560
36.942966
35.323390
36.199817
37.139732
36.884818
35.991394
36.555724
34.809873
35.381786
36.128667
35.578084
35.716286
36.120288
36.203182
35.474586
35.619460
35.836501
36.571075
36.206218
36.611975
36.628862
34.711576
37.285778
36.501984
35.605104
36.485611
35.887159
36.551181
37.228537
37.019552
36.569691
36.145351
35.958573
36.705184
35.910535
36.990308
37.247961
37.224256
37.225862
35.899010
35.738202
36.710747
37.165992
35.530852
37.362350
36.856635
35.771818
35.452642
36.637691
36.592793
35.982223
36.589040
36.477748
36.206192
35.747507
36.266162
36.527346
35.870065
35.879258
35.548758
35.899282
36.865651
35.903611
36.658594
35.688598
36.615374
36.129010
37.422133
36.483892
37.131187
36.732125
37.006781
36.298821
36.253315
37.487675
36.350158
36.258387
35.138003
35.772631
35.762962
36.979946
35.374870
36.331027
36.494053
36.156511
37.017271
35.046627
38.687991
36.200271
35.627309
36.612302
35.298585
36.897377
36.381724
35.519844
36.299543
36.181915
36.448771
37.370421
36.364826
35.789724
36.038803
36.589202
37.357127
35.976882
36.208818
36.889694
36.227444
36.217063
36.009610
36.354844
36.777629
36.660086
36.756527
36.439825
36.683617
36.983658
36.668752
35.845119
36.407720
36.898374
35.926954
35.822929
36.441242
36.044701
36.331869
36.186787
37.562574
36.635029
36.718303
37.836707
36.337278
35.477651
36.846190
36.300422
37.960642
35.846510
36.617191
37.212056
37.369972
36.581905
35.611741
37.636852
37.082225
37.268796
36.584836
36.066297
37.288314
36.821097
36.678822
36.980768
37.113248
37.260040
37.239923
37.410195
36.816902
35.133603
36.110865
36.753824
37.560407
36.075566
37.581507
37.036513
35.569036
36.096295
37.826919
36.019122
35.762518
37.431694
36.504705
36.410532
37.380754
36.878035
37.312625
37.903002
37.062935
36.132315
35.982429
37.045919
36.476024
38.046118
36.552074
37.758029
37.425792
37.012797
38.512337
37.114803
37.776724
37.361605
37.193107
37.527254
36.881717
38.855105
36.994050
38.573513
37.007566
38.731858
37.349960
38.108177
37.033866
39.216327
37.297122
36.597316
39.965580
35.828775
38.745603
37.601303
37.590952
36.979801
37.723397
36.795040
39.199383
37.513543
39.203965
38.812146
38.537206
38.343515
38.309398
37.942374
37.757459
38.674139
37.286885
37.707466
36.845348
36.559255
37.464062
38.824102
38.844326
38.820843
37.918597
37.794312
38.401104
37.775721
37.067791
39.154234
38.677297
38.343774
39.456860
38.394876
38.853955
36.790617
39.997192
37.519286
37.893774
38.729424
37.803272
38.120504
39.252678
38.524675
37.751092
39.308281
37.534540
38.590461
38.745822
40.394215
39.175095
38.539012
36.760819
38.827831
38.454951
37.539785
38.967200
38.240797
37.962609
40.492938
38.635673
39.355312
38.298648
38.423339
38.611370
38.851099
39.422985
40.366887
37.252810
39.454015
39.823455
38.622772
38.154930
38.297334
39.226819
38.020296
38.290640
39.507149
38.877960
38.068825
38.992130
37.637447
39.586962
39.035866
40.589887
39.181968
38.434455
38.781456
40.730386
39.728340
39.738882
39.963980
41.027790
39.238315
39.297639
38.684088
39.319606
39.426894
39.376005
40.063057
40.076626
38.328085
39.969139
40.129649
38.479458
39.072869
39.125747
39.654670
40.386890
40.004079
39.678786
39.608184
38.612310
39.332847
40.714052
40.634613
39.157295
39.721260
39.192646
39.849273
41.620943
39.987505
39.019897
39.308349
37.808051
37.345383
40.489022
40.972685
39.023437
41.465245
37.831971
40.591263
40.319874
39.265064
40.481873
39.842542
39.630402
40.234417
39.701112
40.169049
39.505449
38.867214
39.261697
39.450916
39.379924
38.920628
41.053606
39.886508
41.160563
39.316576
38.740272
40.035287
40.900013
39.797442
40.612814
41.504482
40.248131
40.369345
39.694315
39.349930
41.226454
40.568427
40.006698
41.088507
39.957796
39.385071
40.035392
39.568686
39.455271
41.131666
40.247121
40.689751
40.076249
38.893715
39.327414
41.108845
39.082971
39.922712
39.734325
41.137217
39.018683
38.044284
41.221577
38.735470
39.621399
38.904859
39.522145
39.534000
40.082055
41.871949
41.008721
41.020539
39.763775
41.308616
39.478249
40.442004
40.427480
40.852521
39.239999
38.554943
39.914375
40.094073
39.882621
40.033079
39.117861
39.922912
40.227055
40.034382
39.721540
40.045980
40.479206
38.710241
40.391774
40.243935
40.240702
38.467681
40.112711
39.230723
40.037381
39.403303
40.663954
38.144410
41.654922
39.549367
40.534591
39.471082
39.779601
39.405729
41.162754
37.687073
38.632005
38.721044
39.873530
40.144143
39.588030
40.101940
40.046716
41.249101
39.106540
40.721102
38.772444
41.688750
38.942108
42.366352
40.644113
39.715354
40.420732
40.182678
39.454298
38.774231
38.378018
38.915895
39.669641
40.615234
41.051302
39.405821
38.764008
39.260269
39.540935
39.659888
39.410677
38.110181
40.005076
40.276973
39.797163
41.275767
39.153750
38.262567
38.457693
41.335379
39.196014
39.174343
40.516561
39.112657
40.375270
39.817527
40.195557
40.205520
38.887962
39.875096
40.943575
40.984300
41.470171
41.549694
39.635724
40.681415
40.346768
40.423051
39.876697
40.330648
39.782733
38.202505
41.574964
40.912865
39.641879
39.246972
41.859576
39.304256
40.044454
40.251183
40.242400
40.404014
39.845009
39.558472
41.768833
38.897182
40.002869
38.757010
39.721568
40.294088
39.797075
38.352683
40.344933
39.146690
39.705666
39.164054
39.558202
37.403213
38.420523
40.427102
40.216902
39.864410
39.486651
40.605166
38.834160
41.257214
39.657403
38.812311
40.203137
40.650389
41.143850
40.083155
39.084715
42.438063
42.011568
41.103934
41.074476
39.542541
41.129567
42.132238
40.355911
40.279024
41.262383
38.986429
40.570503
38.998275
39.664453
40.292671
40.541815
40.176633
39.277085
38.789144
