0.000000000000000000e+00
0.000000000000000000e+00
0.000000000000000000e+00
0.000000000000000000e+00
0.000000000000000000e+00
0.000000000000000000e+00
0.000000000000000000e+00
0.000000000000000000e+00
0.000000000000000000e+00
0.000000000000000000e+00
0.000000000000000000e+00
0.000000000000000000e+00
0.000000000000000000e+00
0.000000000000000000e+00
0.000000000000000000e+00
0.000000000000000000e+00
0.000000000000000000e+00
0.000000000000000000e+00
0.000000000000000000e+00
0.000000000000000000e+00
0.000000000000000000e+00
0.000000000000000000e+00
0.000000000000000000e+00
0.000000000000000000e+00
0.000000000000000000e+00
0.000000000000000000e+00
0.000000000000000000e+00
0.000000000000000000e+00
0.000000000000000000e+00
0.000000000000000000e+00
0.000000000000000000e+00
0.000000000000000000e+00
0.000000000000000000e+00
0.000000000000000000e+00
0.000000000000000000e+00
0.000000000000000000e+00
0.000000000000000000e+00
0.000000000000000000e+00
0.000000000000000000e+00
0.000000000000000000e+00
0.000000000000000000e+00
0.000000000000000000e+00
0.000000000000000000e+00
0.000000000000000000e+00
0.000000000000000000e+00
0.000000000000000000e+00
0.000000000000000000e+00
0.000000000000000000e+00
0.000000000000000000e+00
0.000000000000000000e+00
0.000000000000000000e+00
0.000000000000000000e+00
0.000000000000000000e+00
0.000000000000000000e+00
0.000000000000000000e+00
0.000000000000000000e+00
0.000000000000000000e+00
0.000000000000000000e+00
0.000000000000000000e+00
0.000000000000000000e+00
0.000000000000000000e+00
0.000000000000000000e+00
0.000000000000000000e+00
0.000000000000000000e+00
0.000000000000000000e+00
0.000000000000000000e+00
0.000000000000000000e+00
0.000000000000000000e+00
0.000000000000000000e+00
0.000000000000000000e+00
1.000000000000000000e+00
1.000000000000000000e+00
5.000000000000000000e+00
1.000000000000000000e+01
1.400000000000000000e+01
5.100000000000000000e+01
1.030000000000000000e+02
1.240000000000000000e+02
1.930000000000000000e+02
2.620000000000000000e+02
3.210000000000000000e+02
4.660000000000000000e+02
4.760000000000000000e+02
5.490000000000000000e+02
6.080000000000000000e+02
6.130000000000000000e+02
6.440000000000000000e+02
7.000000000000000000e+02
6.810000000000000000e+02
6.630000000000000000e+02
6.670000000000000000e+02
6.770000000000000000e+02
5.980000000000000000e+02
6.060000000000000000e+02
5.950000000000000000e+02
5.370000000000000000e+02
4.840000000000000000e+02
4.370000000000000000e+02
4.070000000000000000e+02
4.080000000000000000e+02
3.540000000000000000e+02
3.560000000000000000e+02
3.150000000000000000e+02
3.710000000000000000e+02
2.920000000000000000e+02
3.080000000000000000e+02
3.150000000000000000e+02
2.710000000000000000e+02
2.720000000000000000e+02
2.450000000000000000e+02
2.490000000000000000e+02
2.180000000000000000e+02
2.700000000000000000e+02
2.740000000000000000e+02
2.000000000000000000e+02
2.570000000000000000e+02
2.200000000000000000e+02
2.780000000000000000e+02
2.170000000000000000e+02
2.190000000000000000e+02
2.570000000000000000e+02
2.500000000000000000e+02
2.620000000000000000e+02
2.510000000000000000e+02
2.520000000000000000e+02
2.820000000000000000e+02
2.780000000000000000e+02
3.110000000000000000e+02
2.940000000000000000e+02
3.310000000000000000e+02
3.380000000000000000e+02
3.350000000000000000e+02
3.750000000000000000e+02
3.410000000000000000e+02
3.830000000000000000e+02
4.100000000000000000e+02
4.040000000000000000e+02
4.280000000000000000e+02
4.470000000000000000e+02
4.140000000000000000e+02
4.910000000000000000e+02
4.970000000000000000e+02
5.260000000000000000e+02
5.480000000000000000e+02
5.770000000000000000e+02
6.060000000000000000e+02
6.080000000000000000e+02
5.770000000000000000e+02
6.250000000000000000e+02
7.130000000000000000e+02
6.860000000000000000e+02
6.890000000000000000e+02
6.950000000000000000e+02
7.330000000000000000e+02
7.750000000000000000e+02
8.280000000000000000e+02
8.160000000000000000e+02
8.400000000000000000e+02
7.980000000000000000e+02
8.460000000000000000e+02
8.560000000000000000e+02
9.010000000000000000e+02
8.640000000000000000e+02
8.480000000000000000e+02
8.560000000000000000e+02
8.800000000000000000e+02
9.350000000000000000e+02
9.170000000000000000e+02
9.390000000000000000e+02
9.240000000000000000e+02
9.110000000000000000e+02
9.270000000000000000e+02
9.850000000000000000e+02
9.520000000000000000e+02
9.440000000000000000e+02
9.810000000000000000e+02
8.880000000000000000e+02
9.310000000000000000e+02
9.690000000000000000e+02
8.730000000000000000e+02
9.180000000000000000e+02
9.010000000000000000e+02
9.050000000000000000e+02
9.220000000000000000e+02
9.090000000000000000e+02
8.920000000000000000e+02
8.700000000000000000e+02
8.400000000000000000e+02
8.820000000000000000e+02
8.550000000000000000e+02
8.850000000000000000e+02
8.720000000000000000e+02
8.640000000000000000e+02
8.650000000000000000e+02
8.260000000000000000e+02
8.730000000000000000e+02
8.540000000000000000e+02
9.310000000000000000e+02
9.310000000000000000e+02
9.290000000000000000e+02
9.580000000000000000e+02
9.350000000000000000e+02
8.890000000000000000e+02
8.990000000000000000e+02
1.013000000000000000e+03
1.036000000000000000e+03
1.046000000000000000e+03
1.046000000000000000e+03
1.093000000000000000e+03
1.067000000000000000e+03
1.146000000000000000e+03
1.171000000000000000e+03
1.201000000000000000e+03
1.196000000000000000e+03
1.203000000000000000e+03
1.257000000000000000e+03
1.302000000000000000e+03
1.320000000000000000e+03
1.318000000000000000e+03
1.383000000000000000e+03
1.398000000000000000e+03
1.420000000000000000e+03
1.437000000000000000e+03
1.478000000000000000e+03
1.505000000000000000e+03
1.513000000000000000e+03
1.563000000000000000e+03
1.549000000000000000e+03
1.607000000000000000e+03
1.626000000000000000e+03
1.650000000000000000e+03
1.605000000000000000e+03
1.659000000000000000e+03
1.678000000000000000e+03
1.773000000000000000e+03
1.746000000000000000e+03
1.675000000000000000e+03
1.695000000000000000e+03
1.735000000000000000e+03
1.752000000000000000e+03
1.740000000000000000e+03
1.738000000000000000e+03
1.789000000000000000e+03
1.737000000000000000e+03
1.776000000000000000e+03
1.741000000000000000e+03
1.856000000000000000e+03
1.770000000000000000e+03
1.830000000000000000e+03
1.719000000000000000e+03
