7.190646655854545885e-06
5.033452659098180764e-05
1.366222864612363311e-04
2.660539262666181300e-04
4.386294460071272312e-04
6.543488456827634180e-04
9.132121252935271240e-04
1.215219284839418133e-03
1.560370324320436335e-03
1.948665243736581731e-03
2.380104043087854539e-03
2.854686722374253673e-03
3.372413281595781735e-03
3.933283720752436124e-03
4.537298039844217708e-03
5.184456238871126485e-03
5.874758317833163324e-03
6.608204276730326489e-03
7.384794115562616848e-03
8.204527834330037003e-03
9.067405433032579148e-03
9.973426911670251957e-03
1.092259227024305369e-02
1.191490150875098089e-02
1.295035462719403528e-02
1.402895162557221513e-02
1.515069250388552564e-02
1.631557726213396509e-02
1.752360590031752652e-02
1.877477841843621514e-02
2.006909481649003443e-02
2.140655509447897745e-02
2.278715925240305112e-02
2.421090729026225546e-02
2.567779920805658006e-02
2.718783500578603532e-02
2.874101468345061083e-02
3.033733824105032395e-02
3.197680567858516426e-02
3.365941699605512483e-02
3.538517219346021259e-02
3.715407127080043448e-02
3.896611422807577663e-02
4.082130106528625291e-02
4.271963178243184944e-02
4.466110637951258011e-02
4.664572485652843103e-02
4.867348721347941609e-02
5.074439345036552834e-02
5.285844356718676085e-02
5.501563756394312749e-02
5.721597544063461438e-02
5.945945719726122847e-02
6.174608283382297669e-02
6.407585235031984516e-02
6.644876574675184777e-02
6.886482302311898451e-02
7.132402417942122763e-02
7.382636921565860488e-02
7.637185813183110239e-02
7.896049092793876178e-02
8.159226760398151368e-02
8.426718815995939971e-02
8.698525259587240599e-02
8.974646091172057416e-02
9.255081310750386259e-02
9.539830918322224351e-02
9.828894913887578633e-02
1.012227329744644216e-01
1.041996606899882050e-01
1.072197322854471224e-01
1.102829477608411601e-01
1.133893071161703320e-01
1.165388103514346102e-01
1.197314574666340226e-01
1.229672484617685829e-01
1.262461833368382358e-01
1.295682620918430505e-01
1.329334847267829856e-01
1.363418512416580131e-01
1.397933616364682163e-01
1.432880159112135399e-01
1.468258140658939559e-01
1.504067561005094922e-01
1.540308420150602042e-01
1.576980718095460365e-01
1.614084454839669613e-01
1.651619630383230619e-01
1.689586244726142550e-01
1.727984297868405961e-01
1.766813789810020296e-01
1.806074720550986112e-01
1.845767090091303408e-01
1.885890898430971629e-01
1.926446145569991053e-01
1.967432831508362234e-01
2.008850956246084063e-01
2.050700519783157372e-01
2.092981522119582438e-01
2.135693963255358430e-01
2.178837843190485624e-01
2.222413161924964020e-01
2.266419919458794174e-01
2.310858115791974976e-01
2.355727750924507813e-01
2.401028824856391020e-01
2.446761337587625706e-01
2.492925289118211873e-01
2.539520679448149520e-01
2.586547508577438648e-01
2.634005776506078700e-01
2.681895483234069677e-01
2.730216628761412134e-01
2.778969213088106072e-01
2.828153236214150934e-01
2.877768698139547277e-01
2.927815598864295654e-01
2.978293938388393847e-01
3.029203716711844629e-01
3.080544933834645782e-01
3.132317589756798415e-01
3.184521684478301973e-01
3.237157217999157566e-01
3.290224190319364639e-01
3.343722601438922082e-01
3.397652451357831005e-01
3.452013740076091408e-01
3.506806467593702736e-01
3.562030633910665545e-01
3.617686239026979833e-01
3.673773282942645602e-01
3.730291765657662295e-01
3.787241687172030469e-01
3.844623047485749567e-01
3.902435846598820146e-01
3.960680084511241095e-01
4.019355761223015189e-01
4.078462876734139653e-01
4.138001431044615042e-01
4.197971424154441911e-01
4.258372856063620260e-01
4.319205726772149534e-01
4.380470036280030288e-01
4.442165784587261967e-01
4.504292971693845682e-01
4.566851597599780321e-01
4.629841662305065886e-01
4.693263165809703485e-01
4.757116108113691455e-01
4.821400489217030905e-01
4.886116309119722390e-01
4.951263567821763689e-01
5.016842265323157024e-01
5.082852401623901839e-01
5.149293976723997579e-01
5.216166990623445354e-01
5.283471443322244054e-01
5.351207334820393680e-01
5.419374665117894230e-01
5.487973434214746815e-01
5.557003642110951436e-01
5.626465288806505871e-01
5.696358374301411231e-01
5.766682898595669737e-01
5.837438861689278058e-01
5.908626263582239524e-01
5.980245104274549695e-01
6.052295383766210790e-01
6.124777102057226141e-01
6.197690259147590197e-01
6.271034855037307398e-01
6.344810889726374414e-01
6.419018363214793466e-01
6.493657275502564552e-01
6.568727626589684343e-01
6.644229416476157279e-01
6.720162645161982251e-01
6.796527312647157038e-01
6.873323418931683859e-01
6.950550964015561606e-01
7.028209947898791388e-01
7.106300370581372094e-01
7.184822232063302616e-01
7.263775532344586283e-01
7.343160271425220875e-01
7.422976449305205282e-01
7.503224065984541724e-01
7.583903121463230201e-01
7.665013615741269604e-01
7.746555548818659931e-01
7.828528920695401183e-01
7.910933731371494471e-01
7.993769980846938683e-01
8.077037669121733821e-01
8.160736796195882103e-01
8.244867362069380201e-01
8.329429366742228114e-01
8.414422810214430282e-01
8.499847692485981154e-01
8.585704013556884062e-01
8.671991773427139005e-01
8.758710972096745984e-01
8.845861609565702777e-01
8.933443685834011605e-01
9.021457200901670248e-01
9.109902154768680926e-01
9.198778547435043640e-01
9.288086378900757278e-01
9.377825649165821842e-01
9.467996358230238441e-01
9.558598506094004854e-01
9.649632092757123303e-01
9.741097118219593787e-01
9.832993582481415196e-01
9.925321485542587530e-01
1.001808082740311079e+00
1.011127160806298608e+00
1.020489382752221230e+00
1.029894748578078945e+00
1.039343258283871752e+00
1.048834911869599651e+00
1.058369709335263087e+00
1.067947650680861171e+00
1.077568735906394570e+00
1.087232965011863062e+00
1.096940337997266646e+00
1.106690854862605544e+00
1.116484515607879313e+00
1.126321320233088397e+00
1.136201268738232351e+00
1.146124361123311841e+00
1.156090597388326202e+00
1.166099977533275656e+00
1.176152501558160424e+00
1.186248169462980062e+00
1.196386981247735015e+00
1.206568936912425283e+00
1.216794036457050199e+00
1.227062279881610429e+00
1.237373667186106196e+00
1.247728198370536390e+00
1.258125873434901898e+00
1.268566692379202943e+00
1.279050655203439080e+00
1.289577761907610087e+00
1.300148012491716187e+00
1.310761406955757380e+00
1.321417945299733887e+00
1.332117627523645487e+00
1.342860453627491957e+00
