1.600000000000000033e-02
4.800000000000000100e-02
8.000000000000000167e-02
1.120000000000000023e-01
1.440000000000000169e-01
1.759999999999999898e-01
2.080000000000000182e-01
2.399999999999999911e-01
2.720000000000000195e-01
3.039999999999999925e-01
3.360000000000000209e-01
3.679999999999999938e-01
4.000000000000000222e-01
4.319999999999999951e-01
4.640000000000000235e-01
4.959999999999999964e-01
5.280000000000000249e-01
5.600000000000000533e-01
5.919999999999999707e-01
6.239999999999999991e-01
6.560000000000000275e-01
6.880000000000000560e-01
7.199999999999999734e-01
7.520000000000000018e-01
7.840000000000000302e-01
8.160000000000000586e-01
8.479999999999999760e-01
8.800000000000000044e-01
9.120000000000000329e-01
9.440000000000000613e-01
9.759999999999999787e-01
1.008000000000000007e+00
1.040000000000000036e+00
1.072000000000000064e+00
1.104000000000000092e+00
1.136000000000000121e+00
1.167999999999999927e+00
1.199999999999999956e+00
1.231999999999999984e+00
1.264000000000000012e+00
1.296000000000000041e+00
1.328000000000000069e+00
1.360000000000000098e+00
1.392000000000000126e+00
1.423999999999999932e+00
1.455999999999999961e+00
1.487999999999999989e+00
1.520000000000000018e+00
1.552000000000000046e+00
1.584000000000000075e+00
1.616000000000000103e+00
1.648000000000000131e+00
1.679999999999999938e+00
1.711999999999999966e+00
1.743999999999999995e+00
1.776000000000000023e+00
1.808000000000000052e+00
1.840000000000000080e+00
1.872000000000000108e+00
1.904000000000000137e+00
1.935999999999999943e+00
1.967999999999999972e+00
2.000000000000000000e+00
2.032000000000000028e+00
2.064000000000000057e+00
2.096000000000000085e+00
2.128000000000000114e+00
2.160000000000000142e+00
2.192000000000000171e+00
2.224000000000000199e+00
2.256000000000000227e+00
2.288000000000000256e+00
2.319999999999999840e+00
2.351999999999999869e+00
2.383999999999999897e+00
2.415999999999999925e+00
2.447999999999999954e+00
2.479999999999999982e+00
2.512000000000000011e+00
2.544000000000000039e+00
2.576000000000000068e+00
2.608000000000000096e+00
2.640000000000000124e+00
2.672000000000000153e+00
2.704000000000000181e+00
2.736000000000000210e+00
2.768000000000000238e+00
2.800000000000000266e+00
2.831999999999999851e+00
2.863999999999999879e+00
2.895999999999999908e+00
2.927999999999999936e+00
2.959999999999999964e+00
2.991999999999999993e+00
3.024000000000000021e+00
3.056000000000000050e+00
3.088000000000000078e+00
3.120000000000000107e+00
3.152000000000000135e+00
3.184000000000000163e+00
3.216000000000000192e+00
3.248000000000000220e+00
3.280000000000000249e+00
3.312000000000000277e+00
3.343999999999999861e+00
3.375999999999999890e+00
3.407999999999999918e+00
3.439999999999999947e+00
3.471999999999999975e+00
3.504000000000000004e+00
3.536000000000000032e+00
3.568000000000000060e+00
3.600000000000000089e+00
3.632000000000000117e+00
3.664000000000000146e+00
3.696000000000000174e+00
3.728000000000000203e+00
3.760000000000000231e+00
3.792000000000000259e+00
3.824000000000000288e+00
3.855999999999999872e+00
3.887999999999999901e+00
3.919999999999999929e+00
3.951999999999999957e+00
3.983999999999999986e+00
4.016000000000000014e+00
4.048000000000000043e+00
4.080000000000000071e+00
4.112000000000000099e+00
4.144000000000000128e+00
4.176000000000000156e+00
4.208000000000000185e+00
4.240000000000000213e+00
4.272000000000000242e+00
4.304000000000000270e+00
4.336000000000000298e+00
4.368000000000000327e+00
4.400000000000000355e+00
4.432000000000000384e+00
4.464000000000000412e+00
4.496000000000000441e+00
4.528000000000000469e+00
4.560000000000000497e+00
4.592000000000000526e+00
4.623999999999999666e+00
4.655999999999999694e+00
4.687999999999999723e+00
4.719999999999999751e+00
4.751999999999999780e+00
4.783999999999999808e+00
4.815999999999999837e+00
4.847999999999999865e+00
4.879999999999999893e+00
4.911999999999999922e+00
4.943999999999999950e+00
4.975999999999999979e+00
5.008000000000000007e+00
5.040000000000000036e+00
5.072000000000000064e+00
5.104000000000000092e+00
5.136000000000000121e+00
5.168000000000000149e+00
5.200000000000000178e+00
5.232000000000000206e+00
5.264000000000000234e+00
5.296000000000000263e+00
5.328000000000000291e+00
5.360000000000000320e+00
5.392000000000000348e+00
5.424000000000000377e+00
5.456000000000000405e+00
5.488000000000000433e+00
5.520000000000000462e+00
5.552000000000000490e+00
5.584000000000000519e+00
5.616000000000000547e+00
5.647999999999999687e+00
5.679999999999999716e+00
5.711999999999999744e+00
5.743999999999999773e+00
5.775999999999999801e+00
5.807999999999999829e+00
5.839999999999999858e+00
5.871999999999999886e+00
5.903999999999999915e+00
5.935999999999999943e+00
5.967999999999999972e+00
6.000000000000000000e+00
6.032000000000000028e+00
6.064000000000000057e+00
6.096000000000000085e+00
6.128000000000000114e+00
6.160000000000000142e+00
6.192000000000000171e+00
6.224000000000000199e+00
6.256000000000000227e+00
6.288000000000000256e+00
6.320000000000000284e+00
6.352000000000000313e+00
6.384000000000000341e+00
6.416000000000000369e+00
6.448000000000000398e+00
6.480000000000000426e+00
6.512000000000000455e+00
6.544000000000000483e+00
6.576000000000000512e+00
6.608000000000000540e+00
6.640000000000000568e+00
6.671999999999999709e+00
6.703999999999999737e+00
6.735999999999999766e+00
6.767999999999999794e+00
6.799999999999999822e+00
6.831999999999999851e+00
6.863999999999999879e+00
6.895999999999999908e+00
6.927999999999999936e+00
6.959999999999999964e+00
6.991999999999999993e+00
7.024000000000000021e+00
7.056000000000000050e+00
7.088000000000000078e+00
7.120000000000000107e+00
7.152000000000000135e+00
7.184000000000000163e+00
7.216000000000000192e+00
7.248000000000000220e+00
7.280000000000000249e+00
7.312000000000000277e+00
7.344000000000000306e+00
7.376000000000000334e+00
7.408000000000000362e+00
7.440000000000000391e+00
7.472000000000000419e+00
7.504000000000000448e+00
7.536000000000000476e+00
7.568000000000000504e+00
7.600000000000000533e+00
7.632000000000000561e+00
7.664000000000000590e+00
7.695999999999999730e+00
7.727999999999999758e+00
7.759999999999999787e+00
7.791999999999999815e+00
7.823999999999999844e+00
7.855999999999999872e+00
7.887999999999999901e+00
7.919999999999999929e+00
7.951999999999999957e+00
7.983999999999999986e+00
