4.236854996336202744e-02 0.000000000000000000e+00
1.271056498900860754e-01 0.000000000000000000e+00
2.118427498168101164e-01 0.000000000000000000e+00
2.965798497435341852e-01 0.000000000000000000e+00
3.813169496702582539e-01 0.000000000000000000e+00
4.660540495969822672e-01 0.000000000000000000e+00
5.507911495237063360e-01 0.000000000000000000e+00
6.355282494504304047e-01 0.000000000000000000e+00
7.202653493771544735e-01 0.000000000000000000e+00
8.050024493038785423e-01 0.000000000000000000e+00
8.897395492306026110e-01 0.000000000000000000e+00
9.744766491573266798e-01 0.000000000000000000e+00
1.059213749084050527e+00 0.000000000000000000e+00
1.143950849010774817e+00 0.000000000000000000e+00
1.228687948937498664e+00 0.000000000000000000e+00
1.313425048864222955e+00 0.000000000000000000e+00
1.398162148790946802e+00 0.000000000000000000e+00
1.482899248717671092e+00 0.000000000000000000e+00
1.567636348644394939e+00 0.000000000000000000e+00
1.652373448571119230e+00 0.000000000000000000e+00
1.737110548497843077e+00 0.000000000000000000e+00
1.821847648424567367e+00 0.000000000000000000e+00
1.906584748351291214e+00 0.000000000000000000e+00
1.991321848278015283e+00 0.000000000000000000e+00
2.076058948204739352e+00 0.000000000000000000e+00
2.160796048131463643e+00 0.000000000000000000e+00
2.245533148058187489e+00 0.000000000000000000e+00
2.330270247984911336e+00 0.000000000000000000e+00
2.415007347911635627e+00 2.869968695155122873e-01
2.499744447838359918e+00 6.250325031361102512e-01
2.584481547765083764e+00 8.353175337505128750e-01
2.669218647691807611e+00 1.624990028937758346e+00
2.753955747618531902e+00 1.912769080282107126e+00
2.838692847545255749e+00 1.990701605436836719e+00
2.923429947471979595e+00 1.354689251231508296e+00
3.008167047398703886e+00 1.371938905488585325e+00
3.092904147325428177e+00 8.749204040646829661e-01
3.177641247252152024e+00 7.321798740517713178e-01
3.262378347178875870e+00 6.553213505446627840e-01
3.347115447105600161e+00 4.357935979727552978e-01
3.431852547032324452e+00 6.514195184839124408e-01
3.516589646959048299e+00 4.173637302003775362e-01
3.601326746885772145e+00 4.409772130679340818e-01
3.686063846812496436e+00 3.388024080104963254e-01
3.770800946739220727e+00 3.531786084881200494e-01
3.855538046665944574e+00 3.753616545963096574e-01
3.940275146592668420e+00 4.492391006431504796e-01
4.025012246519392711e+00 3.271979132608671681e-01
4.109749346446117002e+00 3.964355227486487943e-01
4.194486446372840405e+00 4.440103021870154265e-01
4.279223546299564696e+00 3.885110870199408040e-01
4.363960646226288986e+00 4.687940151710813241e-01
4.448697746153012389e+00 5.850278529625924095e-01
4.533434846079737568e+00 5.090626608603877612e-01
4.618171946006460971e+00 6.409897351486235628e-01
4.702909045933184373e+00 6.748639820545715429e-01
4.787646145859909552e+00 6.572728765880471169e-01
4.872383245786632955e+00 6.698667229144454893e-01
4.957120345713357246e+00 6.471615880577057389e-01
5.041857445640081536e+00 7.682703444536169712e-01
5.126594545566804939e+00 7.696221412466164313e-01
5.211331645493530118e+00 6.472036129018856609e-01
5.296068745420253521e+00 7.509963664590694199e-01
5.380805845346976923e+00 8.335273703163965653e-01
5.465542945273702102e+00 7.658538635093731228e-01
5.550280045200425505e+00 5.615143216349064437e-01
5.635017145127148908e+00 6.809424543757829351e-01
5.719754245053874087e+00 6.481242738643044898e-01
5.804491344980597489e+00 5.134084559041564022e-01
5.889228444907321780e+00 5.228732674948278758e-01
5.973965544834046071e+00 6.175921390219188956e-01
6.058702644760769473e+00 5.624355203613110588e-01
6.143439744687494652e+00 5.174582616806308044e-01
6.228176844614218055e+00 5.034737661776994555e-01
6.312913944540941458e+00 4.655461751258053726e-01
6.397651044467666637e+00 5.453181069405710346e-01
6.482388144394390039e+00 5.344745245604699546e-01
6.567125244321114330e+00 4.754863918565988556e-01
6.651862344247838621e+00 4.981293008576741510e-01
6.736599444174562024e+00 5.809677281470666532e-01
6.821336544101286314e+00 5.576295586978203822e-01
6.906073644028010605e+00 5.147806213413876897e-01
6.990810743954734008e+00 5.708828142165816022e-01
7.075547843881459187e+00 6.269523930976923509e-01
7.160284943808182589e+00 6.502937836360963564e-01
7.245022043734905992e+00 6.697204318633601661e-01
7.329759143661631171e+00 6.309564869665620357e-01
7.414496243588354574e+00 6.039295945992949610e-01
7.499233343515078865e+00 6.771761795319324317e-01
7.583970443441803155e+00 6.548523094215525919e-01
7.668707543368526558e+00 6.191118521611814751e-01
7.753444643295251737e+00 5.754867885306995667e-01
7.838181743221975140e+00 5.653818204232047284e-01
7.922918843148698542e+00 5.933542915681170316e-01
8.007655943075423721e+00 6.330755009882290674e-01
8.092393043002147124e+00 5.645018253398010888e-01
8.177130142928870526e+00 5.403453755813880655e-01
8.261867242855595705e+00 5.742797060837141476e-01
8.346604342782319108e+00 5.726905672995696861e-01
8.431341442709044287e+00 5.259145242878789928e-01
