811.450080	773.000000	27.551675	0.000624
811.142479	773.000000	27.551484	0.000624
810.837339	773.000000	27.551557	0.000624
810.534641	773.000000	27.551950	0.000624
810.234364	773.000000	27.552631	0.000624
809.936489	773.000000	27.553632	0.000624
809.640997	773.000000	27.554836	0.000624
809.347869	773.000000	27.556284	0.000624
809.057086	773.000000	27.558022	0.000624
808.768629	773.000000	27.560035	0.000624
808.482480	773.000000	27.562342	0.000624
808.198620	773.000000	27.564968	0.000624
807.917031	773.000000	27.567911	0.000624
807.637695	773.000000	27.571177	0.000624
807.360594	773.000000	27.574748	0.000624
807.085709	773.000000	27.578625	0.000624
806.813023	773.000000	27.582824	0.000624
806.542519	773.000000	27.587345	0.000624
806.274179	773.000000	27.592052	0.000624
806.007985	773.000000	27.597044	0.000624
805.743921	773.000000	27.602335	0.000624
805.481970	773.000000	27.607925	0.000624
805.222114	773.000000	27.613814	0.000624
804.964337	773.000000	27.619958	0.000624
804.708623	773.000000	27.626338	0.000624
804.454954	773.000000	27.633000	0.000624
804.203314	773.000000	27.639985	0.000624
803.953688	773.000000	27.647317	0.000624
803.706058	773.000000	27.654951	0.000624
803.460410	773.000000	27.662871	0.000624
803.216726	773.000000	27.671093	0.000624
802.974993	773.000000	27.679660	0.000624
802.735193	773.000000	27.688468	0.000624
802.497311	773.000000	27.697566	0.000624
802.261333	773.000000	27.706905	0.000624
802.027242	773.000000	27.716500	0.000624
801.795024	773.000000	27.726385	0.000624
801.564664	773.000000	27.736606	0.000624
801.336146	773.000000	27.747153	0.000624
801.109457	773.000000	27.758037	0.000624
800.884582	773.000000	27.769251	0.000624
800.661505	773.000000	27.780800	0.000624
800.440213	773.000000	27.792692	0.000624
800.220691	773.000000	27.804860	0.000624
800.002926	773.000000	27.817345	0.000624
799.786902	773.000000	27.830167	0.000624
799.572607	773.000000	27.843347	0.000624
799.360026	773.000000	27.856821	0.000624
799.149146	773.000000	27.870622	0.000624
798.939953	773.000000	27.884771	0.000624
798.732433	773.000000	27.899265	0.000624
798.526574	773.000000	27.914062	0.000624
798.322361	773.000000	27.929199	0.000624
798.119782	773.000000	27.944644	0.000624
797.918824	773.000000	27.960392	0.000624
797.719473	773.000000	27.976477	0.000624
797.521718	773.000000	27.992895	0.000624
797.325544	773.000000	28.009630	0.000624
797.130940	773.000000	28.026703	0.000624
796.937892	773.000000	28.044084	0.000624
796.746389	773.000000	28.061830	0.000624
796.556418	773.000000	28.079932	0.000624
796.367966	773.000000	28.098380	0.000624
796.181023	773.000000	28.117172	0.000624
795.995575	773.000000	28.136305	0.000624
795.811610	773.000000	28.155803	0.000624
795.629117	773.000000	28.175666	0.000624
795.448084	773.000000	28.195868	0.000624
795.268499	773.000000	28.216369	0.000624
795.090351	773.000000	28.237227	0.000624
794.913629	773.000000	28.258422	0.000624
794.738320	773.000000	28.279902	0.000624
794.564413	773.000000	28.301703	0.000624
794.391898	773.000000	28.323882	0.000624
794.220763	773.000000	28.346422	0.000624
794.050996	773.000000	28.369330	0.000624
793.882588	773.000000	28.392574	0.000624
793.715528	773.000000	28.416211	0.000624
793.549804	773.000000	28.440218	0.000624
793.385405	773.000000	28.464601	0.000624
793.222322	773.000000	28.489312	0.000624
793.060543	773.000000	28.514399	0.000624
792.900059	773.000000	28.539894	0.000624
792.740859	773.000000	28.565743	0.000624
792.582932	773.000000	28.591968	0.000624
792.426268	773.000000	28.618530	0.000624
792.270858	773.000000	28.645455	0.000624
792.116691	773.000000	28.672738	0.000624
791.963758	773.000000	28.700422	0.000624
791.812048	773.000000	28.728476	0.000624
791.661551	773.000000	28.756924	0.000624
791.512259	773.000000	28.785746	0.000624
791.364161	773.000000	28.814938	0.000624
791.217247	773.000000	28.844491	0.000624
791.071509	773.000000	28.874396	0.000624
790.926937	773.000000	28.904715	0.000624
790.783522	773.000000	28.935411	0.000624
790.641254	773.000000	28.966480	0.000624
790.500124	773.000000	28.997926	0.000624
790.360123	773.000000	29.029796	0.000624
790.221242	773.000000	29.062078	0.000624
790.083472	773.000000	29.094757	0.000624
789.946804	773.000000	29.127834	0.000624
789.811230	773.000000	29.161346	0.000624
789.676740	773.000000	29.195298	0.000624
789.543326	773.000000	29.229673	0.000624
789.410979	773.000000	29.264463	0.000624
789.279691	773.000000	29.299716	0.000624
789.149454	773.000000	29.335357	0.000624
789.020258	773.000000	29.371422	0.000624
788.892096	773.000000	29.407942	0.000624
788.764959	773.000000	29.444905	0.000624
788.638840	773.000000	29.482300	0.000624
788.513729	773.000000	29.520161	0.000624
788.389619	773.000000	29.558471	0.000624
788.266502	773.000000	29.597173	0.000624
788.144370	773.000000	29.636339	0.000624
788.023215	773.000000	29.675949	0.000624
787.903029	773.000000	29.716008	0.000624
787.783805	773.000000	29.756473	0.000624
787.665535	773.000000	29.797354	0.000624
787.548211	773.000000	29.838702	0.000624
787.431825	773.000000	29.880395	0.000624
787.316370	773.000000	29.922561	0.000624
787.201839	773.000000	29.965103	0.000624
787.088225	773.000000	30.008127	0.000624
786.975519	773.000000	30.051598	0.000624
786.863715	773.000000	30.095565	0.000624
786.752805	773.000000	30.140029	0.000624
786.642782	773.000000	30.184994	0.000624
786.533640	773.000000	30.230442	0.000624
786.425371	773.000000	30.276393	0.000624
786.317968	773.000000	30.322861	0.000624
786.211424	773.000000	30.369823	0.000624
786.105733	773.000000	30.417157	0.000624
786.000887	773.000000	30.464929	0.000624
785.896880	773.000000	30.513222	0.000624
785.793705	773.000000	30.562048	0.000624
785.691355	773.000000	30.611217	0.000624
785.589825	773.000000	30.660795	0.000624
785.489106	773.000000	30.710869	0.000624
785.389193	773.000000	30.761521	0.000624
785.290080	773.000000	30.812705	0.000624
785.191759	773.000000	30.864402	0.000624
785.094225	773.000000	30.916621	0.000624
784.997471	773.000000	30.969336	0.000624
784.901491	773.000000	31.022620	0.000624
784.806279	773.000000	31.076444	0.000624
784.711829	773.000000	31.130840	0.000624
784.618134	773.000000	31.185761	0.000624
784.525189	773.000000	31.241241	0.000624
784.432988	773.000000	31.297297	0.000624
784.341524	773.000000	31.353915	0.000624
784.250792	773.000000	31.411140	0.000624
784.160785	773.000000	31.468935	0.000624
784.071499	773.000000	31.527308	0.000624
783.982927	773.000000	31.586216	0.000624
783.895064	773.000000	31.645701	0.000624
783.807903	773.000000	31.705802	0.000624
783.721440	773.000000	31.766410	0.000624
783.635668	773.000000	31.827583	0.000624
783.550583	773.000000	31.889330	0.000624
783.466178	773.000000	31.951629	0.000624
783.382449	773.000000	32.014552	0.000624
783.299389	773.000000	32.078056	0.000624
783.216994	773.000000	32.142173	0.000624
783.135258	773.000000	32.206906	0.000624
783.054176	773.000000	32.272279	0.000624
782.973743	773.000000	32.338322	0.000624
782.893953	773.000000	32.404988	0.000624
782.814801	773.000000	32.472341	0.000624
782.736283	773.000000	32.540356	0.000624
782.658393	773.000000	32.608999	0.000624
782.581126	773.000000	32.678356	0.000624
782.504477	773.000000	32.748305	0.000624
782.428441	773.000000	32.818927	0.000624
782.353013	773.000000	32.890279	0.000624
782.278189	773.000000	32.962310	0.000624
782.203964	773.000000	33.035071	0.000624
782.130332	773.000000	33.108517	0.000624
782.057289	773.000000	33.182683	0.000624
781.984831	773.000000	33.257601	0.000624
781.912952	773.000000	33.333212	0.000624
781.841649	773.000000	33.409557	0.000624
781.770915	773.000000	33.486610	0.000624
781.700748	773.000000	33.564357	0.000624
781.631142	773.000000	33.642853	0.000624
781.562093	773.000000	33.721985	0.000624
781.493596	773.000000	33.801858	0.000624
781.425647	773.000000	33.882546	0.000624
781.358242	773.000000	33.963982	0.000624
781.291376	773.000000	34.046138	0.000624
781.225045	773.000000	34.129092	0.000624
781.159245	773.000000	34.212859	0.000624
781.093971	773.000000	34.297426	0.000624
781.029219	773.000000	34.382758	0.000624
780.964985	773.000000	34.468908	0.000624
780.901266	773.000000	34.555846	0.000624
780.838055	773.000000	34.643501	0.000624
780.775351	773.000000	34.731989	0.000624
780.713148	773.000000	34.821310	0.000624
780.651443	773.000000	34.911478	0.000624
780.590231	773.000000	35.002505	0.000624
780.529510	773.000000	35.094381	0.000624
780.469274	773.000000	35.187001	0.000624
780.409519	773.000000	35.280487	0.000624
780.350243	773.000000	35.374841	0.000624
780.291441	773.000000	35.470068	0.000624
780.233110	773.000000	35.566243	0.000624
780.175245	773.000000	35.663273	0.000624
780.117843	773.000000	35.761204	0.000624
780.060900	773.000000	35.859996	0.000624
780.004413	773.000000	35.959671	0.000624
779.948378	773.000000	36.060286	0.000624
779.892791	773.000000	36.161863	0.000624
779.837648	773.000000	36.264351	0.000624
779.782947	773.000000	36.367770	0.000624
779.728684	773.000000	36.472223	0.000624
779.674854	773.000000	36.577593	0.000624
779.621455	773.000000	36.683890	0.000624
779.568484	773.000000	36.791089	0.000624
779.515936	773.000000	36.899233	0.000624
779.463808	773.000000	37.008345	0.000624
779.412098	773.000000	37.118503	0.000624
779.360801	773.000000	37.229642	0.000624
779.309915	773.000000	37.341770	0.000624
779.259435	773.000000	37.454899	0.000624
779.209360	773.000000	37.569013	0.000624
779.159685	773.000000	37.684168	0.000624
779.110407	773.000000	37.800342	0.000624
779.061524	773.000000	37.917541	0.000624
779.013032	773.000000	38.035712	0.000624
778.964928	773.000000	38.154945	0.000624
778.917208	773.000000	38.275235	0.000624
778.869871	773.000000	38.396598	0.000624
778.822912	773.000000	38.519050	0.000624
778.776328	773.000000	38.642597	0.000624
778.730118	773.000000	38.767272	0.000624
778.684277	773.000000	38.893147	0.000624
778.638803	773.000000	39.020142	0.000624
778.593692	773.000000	39.148215	0.000624
778.548943	773.000000	39.277427	0.000624
778.504551	773.000000	39.407812	0.000624
778.460515	773.000000	39.539314	0.000624
778.416831	773.000000	39.671992	0.000624
778.373496	773.000000	39.805867	0.000624
778.330508	773.000000	39.940911	0.000624
778.287864	773.000000	40.077150	0.000624
778.245561	773.000000	40.214604	0.000624
778.203597	773.000000	40.352958	0.000624
778.161968	773.000000	40.492552	0.000624
778.120672	773.000000	40.633339	0.000624
778.079707	773.000000	40.775286	0.000624
778.039069	773.000000	40.918493	0.000624
777.998756	773.000000	41.062959	0.000624
777.958766	773.000000	41.208637	0.000624
777.919096	773.000000	41.355589	0.000624
777.879743	773.000000	41.503896	0.000624
777.840706	773.000000	41.653443	0.000624
777.801980	773.000000	41.804230	0.000624
777.763564	773.000000	41.956407	0.000624
777.725456	773.000000	42.109871	0.000624
777.687652	773.000000	42.264610	0.000624
777.650151	773.000000	42.420678	0.000624
777.612949	773.000000	42.578081	0.000624
777.576046	773.000000	42.736810	0.000624
777.539437	773.000000	42.896852	0.000624
777.503122	773.000000	43.058217	0.000624
777.467097	773.000000	43.220973	0.000624
777.431360	773.000000	43.385020	0.000624
777.395909	773.000000	43.550277	0.000624
777.360742	773.000000	43.716715	0.000624
777.325856	773.000000	43.884350	0.000624
777.291249	773.000000	44.053365	0.000624
777.256919	773.000000	44.223726	0.000624
777.222864	773.000000	44.395355	0.000624
777.189081	773.000000	44.568369	0.000624
777.155568	773.000000	44.742775	0.000624
777.122324	773.000000	44.918521	0.000624
777.089345	773.000000	45.095551	0.000624
777.056630	773.000000	45.273917	0.000624
777.024177	773.000000	45.453582	0.000624
776.991984	773.000000	45.634336	0.000624
776.960048	773.000000	45.816489	0.000624
776.928368	773.000000	45.999909	0.000624
776.896941	773.000000	46.184520	0.000624
776.865765	773.000000	46.370449	0.000624
776.834839	773.000000	46.557653	0.000624
776.804160	773.000000	46.746129	0.000624
776.773727	773.000000	46.935822	0.000624
776.743537	773.000000	47.126742	0.000624
776.713589	773.000000	47.318819	0.000624
776.683880	773.000000	47.512067	0.000624
776.654409	773.000000	47.706409	0.000624
776.625174	773.000000	47.901720	0.000624
776.596173	773.000000	48.098087	0.000624
776.567403	773.000000	48.295507	0.000624
776.538864	773.000000	48.494012	0.000624
776.510553	773.000000	48.693546	0.000624
776.482469	773.000000	48.894070	0.000624
776.454609	773.000000	49.095650	0.000624
776.426972	773.000000	49.297951	0.000624
776.399556	773.000000	49.501171	0.000624
776.372360	773.000000	49.705147	0.000624
776.345381	773.000000	49.909918	0.000624
776.318618	773.000000	50.115256	0.000624
776.292069	773.000000	50.321271	0.000624
776.265732	773.000000	50.527905	0.000624
776.239607	773.000000	50.735104	0.000624
776.213690	773.000000	50.942860	0.000624
776.187980	773.000000	51.150997	0.000624
776.162476	773.000000	51.359572	0.000624
776.137177	773.000000	51.568529	0.000624
776.112079	773.000000	51.778249	0.000624
776.087182	773.000000	51.988242	0.000624
776.062485	773.000000	52.198456	0.000624
776.037985	773.000000	52.408784	0.000624
776.013681	773.000000	52.619182	0.000624
775.989572	773.000000	52.829539	0.000624
775.965655	773.000000	53.039809	0.000624
775.941930	773.000000	53.249858	0.000624
775.918395	773.000000	53.459531	0.000624
775.895047	773.000000	53.668843	0.000624
775.871887	773.000000	53.877674	0.000624
775.848912	773.000000	54.085955	0.000624
775.826121	773.000000	54.293408	0.000624
775.803512	773.000000	54.500116	0.000624
775.781084	773.000000	54.706043	0.000624
775.758835	773.000000	54.911035	0.000624
775.736764	773.000000	55.115041	0.000624
775.714870	773.000000	55.317854	0.000624
775.693151	773.000000	55.519471	0.000624
775.671606	773.000000	55.719661	0.000624
775.650233	773.000000	55.918321	0.000624
775.629031	773.000000	56.115549	0.000624
775.607999	773.000000	56.311068	0.000624
775.587135	773.000000	56.504820	0.000624
775.566438	773.000000	56.696718	0.000624
775.545906	773.000000	56.886721	0.000624
775.525539	773.000000	57.074725	0.000624
775.505335	773.000000	57.260670	0.000624
775.485292	773.000000	57.444427	0.000624
775.465410	773.000000	57.625958	0.000624
775.445687	773.000000	57.805171	0.000624
775.426121	773.000000	57.981958	0.000624
775.406712	773.000000	58.156347	0.000624
775.387458	773.000000	58.328194	0.000624
775.368359	773.000000	58.497439	0.000624
775.349412	773.000000	58.664010	0.000624
775.330617	773.000000	58.827858	0.000624
775.311972	773.000000	58.988895	0.000624
775.293476	773.000000	59.147128	0.000624
775.275128	773.000000	59.302391	0.000624
775.256927	773.000000	59.454805	0.000624
775.238872	773.000000	59.604048	0.000624
775.220961	773.000000	59.750377	0.000624
775.203193	773.000000	59.893610	0.000624
775.185567	773.000000	60.033779	0.000624
775.168083	773.000000	60.170848	0.000624
775.150738	773.000000	60.304888	0.000624
775.133532	773.000000	60.435716	0.000624
775.116464	773.000000	60.563360	0.000624
775.099532	773.000000	60.687919	0.000624
775.082736	773.000000	60.809164	0.000624
775.066074	773.000000	60.927208	0.000624
775.049546	773.000000	61.042053	0.000624
775.033149	773.000000	61.153996	0.000624
775.016884	773.000000	61.262641	0.000624
775.000749	773.000000	61.367952	0.000624
774.984743	773.000000	61.469978	0.000624
774.968865	773.000000	61.568693	0.000624
774.953114	773.000000	61.664048	0.000624
774.937489	773.000000	61.755926	0.000624
774.921989	773.000000	61.844453	0.000624
774.906613	773.000000	61.929412	0.000624
774.891360	773.000000	62.010908	0.000624
774.876230	773.000000	62.088761	0.000624
774.861220	773.000000	62.163158	0.000624
774.846330	773.000000	62.233762	0.000624
774.831559	773.000000	62.300673	0.000624
774.816907	773.000000	62.363952	0.000624
774.802372	773.000000	62.423667	0.000624
774.787953	773.000000	62.479628	0.000624
774.773649	773.000000	62.531845	0.000624
774.759460	773.000000	62.580246	0.000624
774.745384	773.000000	62.624834	0.000624
774.731421	773.000000	62.665703	0.000624
774.717570	773.000000	62.702682	0.000624
774.703829	773.000000	62.735693	0.000624
774.690199	773.000000	62.764821	0.000624
774.676677	773.000000	62.790024	0.000624
774.663264	773.000000	62.811297	0.000624
774.649957	773.000000	62.828574	0.000624
774.636758	773.000000	62.841824	0.000624
774.623664	773.000000	62.851195	0.000624
774.610674	773.000000	62.856657	0.000624
774.597789	773.000000	62.858706	0.000624
774.585007	773.000000	62.856918	0.000624
774.572327	773.000000	62.851234	0.000624
774.559748	773.000000	62.841580	0.000624
774.547270	773.000000	62.828126	0.000624
774.534892	773.000000	62.810950	0.000624
774.522613	773.000000	62.789995	0.000624
774.510432	773.000000	62.765295	0.000624
774.498348	773.000000	62.736887	0.000624
774.486362	773.000000	62.704952	0.000624
774.474471	773.000000	62.669465	0.000624
774.462675	773.000000	62.630547	0.000624
774.450974	773.000000	62.587844	0.000624
774.439366	773.000000	62.541962	0.000624
774.427851	773.000000	62.493054	0.000624
774.416428	773.000000	62.441267	0.000624
774.405097	773.000000	62.386816	0.000624
774.393856	773.000000	62.329760	0.000624
774.382705	773.000000	62.270197	0.000624
774.371643	773.000000	62.208232	0.000624
774.360670	773.000000	62.143953	0.000624
774.349785	773.000000	62.078148	0.000624
774.338987	773.000000	62.010739	0.000624
774.328275	773.000000	61.941441	0.000624
774.317648	773.000000	61.870204	0.000624
774.307107	773.000000	61.797020	0.000624
774.296650	773.000000	61.721904	0.000624
774.286277	773.000000	61.644788	0.000624
774.275987	773.000000	61.565434	0.000624
774.265779	773.000000	61.483751	0.000624
774.255653	773.000000	61.399561	0.000624
774.245608	773.000000	61.312578	0.000624
774.235643	773.000000	61.222310	0.000624
774.225758	773.000000	61.128808	0.000624
774.215952	773.000000	61.031683	0.000624
774.206224	773.000000	60.930861	0.000624
774.196574	773.000000	60.825913	0.000624
774.187002	773.000000	60.716832	0.000624
774.177506	773.000000	60.603612	0.000624
774.168086	773.000000	60.486267	0.000624
774.158741	773.000000	60.365392	0.000624
774.149471	773.000000	60.241061	0.000624
774.140275	773.000000	60.113127	0.000624
774.131153	773.000000	59.981943	0.000624
774.122104	773.000000	59.848029	0.000624
774.113127	773.000000	59.711914	0.000624
774.104222	773.000000	59.574243	0.000624
774.095388	773.000000	59.435545	0.000624
774.086625	773.000000	59.296162	0.000624
774.077932	773.000000	59.156674	0.000624
774.069309	773.000000	59.017555	0.000624
774.060754	773.000000	58.879603	0.000624
774.052268	773.000000	58.743230	0.000624
774.043850	773.000000	58.608900	0.000624
774.035499	773.000000	58.477161	0.000624
774.027215	773.000000	58.348255	0.000624
774.018997	773.000000	58.222634	0.000624
774.010845	773.000000	58.100909	0.000624
774.002759	773.000000	57.983467	0.000624
773.994737	773.000000	57.870948	0.000624
773.986779	773.000000	57.763383	0.000624
773.978884	773.000000	57.661125	0.000624
773.971053	773.000000	57.564528	0.000624
773.963285	773.000000	57.473705	0.000624
773.955579	773.000000	57.389048	0.000624
773.947934	773.000000	57.310921	0.000624
773.940351	773.000000	57.239267	0.000624
773.932828	773.000000	57.174293	0.000624
773.925365	773.000000	57.116023	0.000624
773.917962	773.000000	57.064568	0.000624
773.910619	773.000000	57.019951	0.000624
773.903334	773.000000	56.982210	0.000624
773.896107	773.000000	56.951230	0.000624
773.888938	773.000000	56.926904	0.000624
773.881827	773.000000	56.908967	0.000624
773.874772	773.000000	56.897051	0.000624
773.867774	773.000000	56.890830	0.000624
773.860832	773.000000	56.889775	0.000624
773.853945	773.000000	56.893517	0.000624
773.847113	773.000000	56.901549	0.000624
773.840336	773.000000	56.913322	0.000624
773.833614	773.000000	56.928328	0.000624
773.826945	773.000000	56.946200	0.000624
773.820329	773.000000	56.966486	0.000624
773.813767	773.000000	56.988879	0.000624
773.807257	773.000000	57.012843	0.000624
773.800798	773.000000	57.038211	0.000624
773.794392	773.000000	57.064660	0.000624
773.788037	773.000000	57.092129	0.000624
773.781733	773.000000	57.120617	0.000624
773.775479	773.000000	57.150134	0.000624
773.769275	773.000000	57.180907	0.000624
773.763121	773.000000	57.213423	0.000624
773.757016	773.000000	57.247942	0.000624
773.750960	773.000000	57.284804	0.000624
773.744952	773.000000	57.324210	0.000624
773.738992	773.000000	57.366666	0.000624
773.733080	773.000000	57.412541	0.000624
773.727216	773.000000	57.462550	0.000624
773.721398	773.000000	57.517001	0.000624
773.715627	773.000000	57.575999	0.000624
773.709902	773.000000	57.639949	0.000624
773.704223	773.000000	57.709057	0.000624
773.698589	773.000000	57.783396	0.000624
773.693000	773.000000	57.863346	0.000624
773.687456	773.000000	57.949038	0.000624
773.681956	773.000000	58.040369	0.000624
773.676501	773.000000	58.137543	0.000624
773.671089	773.000000	58.240426	0.000624
773.665720	773.000000	58.348953	0.000624
773.660394	773.000000	58.463260	0.000624
773.655111	773.000000	58.583126	0.000624
773.649870	773.000000	58.708157	0.000624
773.644671	773.000000	58.838491	0.000624
773.639514	773.000000	58.973736	0.000624
773.634398	773.000000	59.114327	0.000624
773.629323	773.000000	59.259989	0.000624
773.624288	773.000000	59.410402	0.000624
773.619294	773.000000	59.565378	0.000624
773.614339	773.000000	59.724758	0.000624
773.609425	773.000000	59.888334	0.000624
773.604549	773.000000	60.056350	0.000624
773.599713	773.000000	60.228466	0.000624
773.594915	773.000000	60.404661	0.000624
773.590156	773.000000	60.585120	0.000624
773.585435	773.000000	60.769446	0.000624
773.580751	773.000000	60.957481	0.000624
773.576105	773.000000	61.149028	0.000624
773.571496	773.000000	61.344080	0.000624
773.566924	773.000000	61.542480	0.000624
773.562389	773.000000	61.744206	0.000624
773.557890	773.000000	61.949262	0.000624
773.553427	773.000000	62.157892	0.000624
773.548999	773.000000	62.369890	0.000624
773.544607	773.000000	62.584957	0.000624
773.540250	773.000000	62.802779	0.000624
773.535928	773.000000	63.023491	0.000624
773.531641	773.000000	63.247146	0.000624
773.527388	773.000000	63.473839	0.000624
773.523169	773.000000	63.703874	0.000624
773.518983	773.000000	63.936544	0.000624
773.514832	773.000000	64.171773	0.000624
773.510713	773.000000	64.409635	0.000624
773.506627	773.000000	64.650433	0.000624
773.502574	773.000000	64.894362	0.000624
773.498554	773.000000	65.140986	0.000624
773.494565	773.000000	65.390059	0.000624
773.490609	773.000000	65.641768	0.000624
773.486684	773.000000	65.896433	0.000624
773.482790	773.000000	66.153435	0.000624
773.478928	773.000000	66.412800	0.000624
773.475097	773.000000	66.674552	0.000624
773.471296	773.000000	66.938734	0.000624
773.467525	773.000000	67.205277	0.000624
773.463785	773.000000	67.474335	0.000624
773.460075	773.000000	67.746058	0.000624
773.456394	773.000000	68.020225	0.000624
773.452743	773.000000	68.296724	0.000624
773.449121	773.000000	68.575609	0.000624
773.445528	773.000000	68.856981	0.000624
773.441964	773.000000	69.140562	0.000624
773.438428	773.000000	69.426560	0.000624
773.434921	773.000000	69.714969	0.000624
773.431442	773.000000	70.005972	0.000624
773.427990	773.000000	70.299390	0.000624
773.424566	773.000000	70.595492	0.000624
773.421170	773.000000	70.894481	0.000624
773.417800	773.000000	71.195702	0.000624
773.414458	773.000000	71.499126	0.000624
773.411142	773.000000	71.804606	0.000624
773.407853	773.000000	72.112122	0.000624
773.404590	773.000000	72.421375	0.000624
773.401353	773.000000	72.732397	0.000624
773.398143	773.000000	73.044965	0.000624
773.394958	773.000000	73.358794	0.000624
773.391798	773.000000	73.673237	0.000624
773.388663	773.000000	73.988196	0.000624
773.385554	773.000000	74.303395	0.000624
773.382470	773.000000	74.618688	0.000624
773.379410	773.000000	74.934255	0.000624
773.376375	773.000000	75.249365	0.000624
773.373364	773.000000	75.563745	0.000624
773.370377	773.000000	75.877060	0.000624
773.367414	773.000000	76.188167	0.000624
773.364474	773.000000	76.496520	0.000624
773.361559	773.000000	76.802084	0.000624
773.358666	773.000000	77.104573	0.000624
773.355797	773.000000	77.404229	0.000624
773.352950	773.000000	77.700318	0.000624
773.350127	773.000000	77.993174	0.000624
773.347326	773.000000	78.282515	0.000624
773.344547	773.000000	78.568624	0.000624
773.341791	773.000000	78.852418	0.000624
773.339057	773.000000	79.134392	0.000624
773.336344	773.000000	79.413784	0.000624
773.333653	773.000000	79.690677	0.000624
773.330984	773.000000	79.965689	0.000624
773.328336	773.000000	80.239067	0.000624
773.325710	773.000000	80.510126	0.000624
773.323104	773.000000	80.778372	0.000624
773.320519	773.000000	81.043896	0.000624
773.317955	773.000000	81.306382	0.000624
773.315411	773.000000	81.565769	0.000624
773.312888	773.000000	81.821626	0.000624
773.310385	773.000000	82.074219	0.000624
773.307902	773.000000	82.323808	0.000624
773.305439	773.000000	82.570382	0.000624
773.302995	773.000000	82.814623	0.000624
773.300571	773.000000	83.056971	0.000624
773.298167	773.000000	83.298437	0.000624
773.295781	773.000000	83.539423	0.000624
773.293415	773.000000	83.780267	0.000624
773.291068	773.000000	84.021547	0.000624
773.288739	773.000000	84.263505	0.000624
773.286429	773.000000	84.507020	0.000624
773.284138	773.000000	84.749465	0.000624
773.281865	773.000000	84.990194	0.000624
773.279610	773.000000	85.227974	0.000624
773.277373	773.000000	85.461476	0.000624
773.275154	773.000000	85.689311	0.000624
773.272953	773.000000	85.908621	0.000624
773.270769	773.000000	86.117288	0.000624
773.268603	773.000000	86.313332	0.000624
773.266454	773.000000	86.494644	0.000624
773.264322	773.000000	86.659423	0.000624
773.262208	773.000000	86.805196	0.000624
773.260110	773.000000	86.930277	0.000624
773.258029	773.000000	87.033124	0.000624
773.255965	773.000000	87.112913	0.000624
773.253917	773.000000	87.169190	0.000624
773.251886	773.000000	87.201553	0.000624
773.249871	773.000000	87.210325	0.000624
773.247872	773.000000	87.195677	0.000624
773.245889	773.000000	87.158019	0.000624
773.243922	773.000000	87.098226	0.000624
773.241970	773.000000	87.017002	0.000624
773.240035	773.000000	86.914968	0.000624
773.238114	773.000000	86.793413	0.000624
773.236210	773.000000	86.654274	0.000624
773.234320	773.000000	86.498078	0.000624
773.232445	773.000000	86.326015	0.000624
773.230586	773.000000	86.139477	0.000624
773.228741	773.000000	85.939562	0.000624
773.226911	773.000000	85.728031	0.000624
773.225096	773.000000	85.506112	0.000624
773.223295	773.000000	85.275293	0.000624
773.221509	773.000000	85.037108	0.000624
773.219737	773.000000	84.792992	0.000624
773.217979	773.000000	84.544251	0.000624
773.216235	773.000000	84.292295	0.000624
773.214505	773.000000	84.039104	0.000624
773.212789	773.000000	83.785415	0.000624
773.211087	773.000000	83.532765	0.000624
773.209398	773.000000	83.281941	0.000624
773.207723	773.000000	83.033832	0.000624
773.206061	773.000000	82.789519	0.000624
773.204413	773.000000	82.549723	0.000624
773.202777	773.000000	82.315243	0.000624
773.201155	773.000000	82.086852	0.000624
773.199546	773.000000	81.864965	0.000624
773.197949	773.000000	81.650483	0.000624
773.196366	773.000000	81.443629	0.000624
773.194795	773.000000	81.244217	0.000624
773.193237	773.000000	81.052040	0.000624
773.191691	773.000000	80.867109	0.000624
773.190157	773.000000	80.689781	0.000624
773.188636	773.000000	80.520129	0.000624
773.187127	773.000000	80.358221	0.000624
773.185630	773.000000	80.204085	0.000624
773.184145	773.000000	80.057848	0.000624
773.182672	773.000000	79.919905	0.000624
773.181210	773.000000	79.790112	0.000624
773.179760	773.000000	79.669391	0.000624
773.178322	773.000000	79.557575	0.000624
773.176896	773.000000	79.455419	0.000624
773.175481	773.000000	79.364040	0.000624
773.174077	773.000000	79.283132	0.000624
773.172684	773.000000	79.213307	0.000624
773.171303	773.000000	79.154940	0.000624
773.169932	773.000000	79.108513	0.000624
773.168573	773.000000	79.074960	0.000624
773.167224	773.000000	79.054993	0.000624
773.165886	773.000000	79.049160	0.000624
773.164559	773.000000	79.057465	0.000624
773.163243	773.000000	79.080801	0.000624
773.161937	773.000000	79.119987	0.000624
773.160641	773.000000	79.174691	0.000624
773.159356	773.000000	79.244657	0.000624
773.158081	773.000000	79.329669	0.000624
773.156817	773.000000	79.429426	0.000624
773.155562	773.000000	79.542131	0.000624
773.154318	773.000000	79.665874	0.000624
773.153083	773.000000	79.798275	0.000624
773.151859	773.000000	79.936180	0.000624
773.150644	773.000000	80.076430	0.000624
773.149439	773.000000	80.214676	0.000624
773.148243	773.000000	80.346793	0.000624
773.147057	773.000000	80.468873	0.000624
773.145881	773.000000	80.577589	0.000624
773.144714	773.000000	80.670199	0.000624
773.143556	773.000000	80.745835	0.000624
773.142407	773.000000	80.804593	0.000624
773.141268	773.000000	80.848112	0.000624
773.140138	773.000000	80.879324	0.000624
773.139017	773.000000	80.902959	0.000624
773.137905	773.000000	80.923933	0.000624
773.136802	773.000000	80.948251	0.000624
773.135707	773.000000	80.981077	0.000624
773.134622	773.000000	81.027201	0.000624
773.133545	773.000000	81.090265	0.000624
773.132476	773.000000	81.173485	0.000624
773.131416	773.000000	81.278904	0.000624
773.130365	773.000000	81.407728	0.000624
773.129322	773.000000	81.560391	0.000624
773.128288	773.000000	81.736366	0.000624
773.127261	773.000000	81.935193	0.000624
773.126243	773.000000	82.155650	0.000624
773.125233	773.000000	82.396760	0.000624
773.124231	773.000000	82.656735	0.000624
773.123237	773.000000	82.934547	0.000624
773.122252	773.000000	83.228753	0.000624
773.121274	773.000000	83.537972	0.000624
773.120303	773.000000	83.860561	0.000624
773.119341	773.000000	84.195888	0.000624
773.118386	773.000000	84.542321	0.000624
773.117439	773.000000	84.898861	0.000624
773.116500	773.000000	85.264113	0.000624
773.115568	773.000000	85.637256	0.000624
773.114643	773.000000	86.016441	0.000624
773.113726	773.000000	86.400112	0.000624
773.112816	773.000000	86.787975	0.000624
773.111914	773.000000	87.177840	0.000624
773.111018	773.000000	87.568094	0.000624
773.110130	773.000000	87.957289	0.000624
773.109249	773.000000	88.343676	0.000624
773.108375	773.000000	88.725017	0.000624
773.107508	773.000000	89.098935	0.000624
773.106648	773.000000	89.462360	0.000624
773.105795	773.000000	89.813228	0.000624
773.104949	773.000000	90.149238	0.000624
773.104109	773.000000	90.468138	0.000624
773.103276	773.000000	90.768449	0.000624
773.102450	773.000000	91.051054	0.000624
773.101630	773.000000	91.317019	0.000624
773.100817	773.000000	91.569612	0.000624
773.100011	773.000000	91.812734	0.000624
773.099211	773.000000	92.051895	0.000624
773.098417	773.000000	92.292619	0.000624
773.097630	773.000000	92.539619	0.000624
773.096849	773.000000	92.798622	0.000624
773.096074	773.000000	93.071005	0.000624
773.095305	773.000000	93.356879	0.000624
773.094543	773.000000	93.652072	0.000624
773.093786	773.000000	93.951189	0.000624
773.093036	773.000000	94.245814	0.000624
773.092292	773.000000	94.528665	0.000624
773.091553	773.000000	94.793226	0.000624
773.090821	773.000000	95.034258	0.000624
773.090094	773.000000	95.246905	0.000624
773.089374	773.000000	95.427043	0.000624
773.088659	773.000000	95.571105	0.000624
773.087949	773.000000	95.672821	0.000624
773.087246	773.000000	95.727786	0.000624
773.086548	773.000000	95.731968	0.000624
773.085855	773.000000	95.681504	0.000624
773.085169	773.000000	95.574536	0.000624
773.084487	773.000000	95.410312	0.000624
773.083811	773.000000	95.189025	0.000624
773.083141	773.000000	94.914336	0.000624
773.082476	773.000000	94.592496	0.000624
773.081816	773.000000	94.232285	0.000624
773.081161	773.000000	93.845162	0.000624
773.080512	773.000000	93.443033	0.000624
773.079868	773.000000	93.039774	0.000624
773.079229	773.000000	92.647934	0.000624
773.078595	773.000000	92.277811	0.000624
773.077967	773.000000	91.937908	0.000624
773.077343	773.000000	91.631906	0.000624
773.076724	773.000000	91.361846	0.000624
773.076110	773.000000	91.126736	0.000624
773.075501	773.000000	90.926222	0.000624
773.074897	773.000000	90.757460	0.000624
773.074298	773.000000	90.617296	0.000624
773.073704	773.000000	90.502955	0.000624
773.073114	773.000000	90.414062	0.000624
773.072529	773.000000	90.351616	0.000624
773.071949	773.000000	90.320964	0.000624
773.071373	773.000000	90.327862	0.000624
773.070802	773.000000	90.382171	0.000624
773.070236	773.000000	90.489612	0.000624
773.069674	773.000000	90.652143	0.000624
773.069117	773.000000	90.865330	0.000624
773.068564	773.000000	91.118183	0.000624
773.068015	773.000000	91.398092	0.000624
773.067471	773.000000	91.693273	0.000624
773.066931	773.000000	91.995018	0.000624
773.066396	773.000000	92.300209	0.000624
773.065865	773.000000	92.608809	0.000624
773.065338	773.000000	92.922896	0.000624
773.064815	773.000000	93.244587	0.000624
773.064297	773.000000	93.575908	0.000624
773.063782	773.000000	93.918964	0.000624
773.063272	773.000000	94.275924	0.000624
773.062766	773.000000	94.648693	0.000624
773.062264	773.000000	95.036978	0.000624
773.061766	773.000000	95.438057	0.000624
773.061271	773.000000	95.844879	0.000624
773.060781	773.000000	96.245070	0.000624
773.060295	773.000000	96.625125	0.000624
773.059813	773.000000	96.972670	0.000624
773.059334	773.000000	97.281139	0.000624
773.058860	773.000000	97.550513	0.000624
773.058389	773.000000	97.789436	0.000624
773.057922	773.000000	98.013571	0.000624
773.057458	773.000000	98.243924	0.000624
773.056998	773.000000	98.505569	0.000624
773.056543	773.000000	98.814526	0.000624
773.056090	773.000000	99.168648	0.000624
773.055641	773.000000	99.547658	0.000624
773.055196	773.000000	99.920475	0.000624
773.054755	773.000000	100.253848	0.000624
773.054317	773.000000	100.518418	0.000624
773.053882	773.000000	100.693518	0.000624
773.053451	773.000000	100.773908	0.000624
773.053024	773.000000	100.768489	0.000624
773.052599	773.000000	100.700178	0.000624
773.052179	773.000000	100.602109	0.000624
773.051761	773.000000	100.500947	0.000624
773.051347	773.000000	100.420820	0.000624
773.050936	773.000000	100.370022	0.000624
773.050529	773.000000	100.349963	0.000624
773.050125	773.000000	100.358873	0.000624
773.049724	773.000000	100.396723	0.000624
773.049326	773.000000	100.469295	0.000624
773.048931	773.000000	100.584553	0.000624
773.048540	773.000000	100.747684	0.000624
773.048151	773.000000	100.953237	0.000624
773.047766	773.000000	101.182890	0.000624
773.047384	773.000000	101.412697	0.000624
773.047005	773.000000	101.619097	0.000624
773.046629	773.000000	101.781550	0.000624
773.046256	773.000000	101.883914	0.000624
773.045886	773.000000	101.915729	0.000624
773.045519	773.000000	101.866541	0.000624
773.045155	773.000000	101.723315	0.000624
773.044793	773.000000	101.476074	0.000624
773.044435	773.000000	101.120694	0.000624
773.044080	773.000000	100.662699	0.000624
773.043727	773.000000	100.121441	0.000624
773.043377	773.000000	99.521140	0.000624
773.043030	773.000000	98.885198	0.000624
773.042686	773.000000	98.232220	0.000624
773.042344	773.000000	97.585598	0.000624
773.042006	773.000000	96.969727	0.000624
773.041670	773.000000	96.412026	0.000624
773.041336	773.000000	95.934315	0.000624
773.041005	773.000000	95.549824	0.000624
773.040677	773.000000	95.256013	0.000624
773.040352	773.000000	95.040157	0.000624
773.040029	773.000000	94.878514	0.000624
773.039709	773.000000	94.744823	0.000624
773.039391	773.000000	94.614639	0.000624
773.039076	773.000000	94.470887	0.000624
773.038764	773.000000	94.303164	0.000624
773.038453	773.000000	94.108092	0.000624
773.038146	773.000000	93.889766	0.000624
773.037841	773.000000	93.657577	0.000624
773.037538	773.000000	93.422591	0.000624
773.037238	773.000000	93.199517	0.000624
773.036940	773.000000	92.998401	0.000624
773.036644	773.000000	92.822995	0.000624
773.036351	773.000000	92.669894	0.000624
773.036060	773.000000	92.523464	0.000624
773.035772	773.000000	92.359277	0.000624
773.035486	773.000000	92.146541	0.000624
773.035202	773.000000	91.858547	0.000624
773.034920	773.000000	91.483701	0.000624
773.034641	773.000000	91.023886	0.000624
773.034364	773.000000	90.495326	0.000624
773.034089	773.000000	89.915365	0.000624
773.033816	773.000000	89.302224	0.000624
773.033545	773.000000	88.669058	0.000624
773.033277	773.000000	88.024950	0.000624
773.033011	773.000000	87.377025	0.000624
773.032747	773.000000	86.729346	0.000624
773.032485	773.000000	86.083079	0.000624
773.032225	773.000000	85.440267	0.000624
773.031967	773.000000	84.799718	0.000624
773.031711	773.000000	84.160859	0.000624
773.031458	773.000000	83.522806	0.000624
773.031206	773.000000	82.883871	0.000624
773.030956	773.000000	82.243699	0.000624
773.030709	773.000000	81.601330	0.000624
773.030463	773.000000	80.956159	0.000624
773.030219	773.000000	80.308296	0.000624
773.029978	773.000000	79.657652	0.000624
773.029738	773.000000	79.004541	0.000624
773.029500	773.000000	78.349776	0.000624
773.029264	773.000000	77.693441	0.000624
773.029030	773.000000	77.037138	0.000624
773.028798	773.000000	76.381615	0.000624
773.028567	773.000000	75.728947	0.000624
773.028339	773.000000	75.080568	0.000624
773.028112	773.000000	74.439335	0.000624
773.027887	773.000000	73.807619	0.000624
773.027664	773.000000	73.188544	0.000624
773.027443	773.000000	72.585386	0.000624
773.027223	773.000000	72.001446	0.000624
773.027005	773.000000	71.439944	0.000624
773.026789	773.000000	70.903904	0.000624
773.026575	773.000000	70.396603	0.000624
773.026362	773.000000	69.919005	0.000624
773.026151	773.000000	69.472612	0.000624
773.025942	773.000000	69.056292	0.000624
773.025735	773.000000	68.667847	0.000624
773.025529	773.000000	68.302050	0.000624
773.025325	773.000000	67.953038	0.000624
773.025122	773.000000	67.611461	0.000624
773.024921	773.000000	67.267958	0.000624
773.024722	773.000000	66.911184	0.000624
773.024524	773.000000	66.530151	0.000624
773.024328	773.000000	66.115718	0.000624
773.024133	773.000000	65.660072	0.000624
773.023940	773.000000	65.158588	0.000624
773.023748	773.000000	64.609810	0.000624
773.023558	773.000000	64.015116	0.000624
773.023370	773.000000	63.378579	0.000624
773.023183	773.000000	62.706610	0.000624
773.022998	773.000000	62.006387	0.000624
773.022814	773.000000	61.285848	0.000624
773.022631	773.000000	60.552413	0.000624
773.022450	773.000000	59.812741	0.000624
773.022270	773.000000	59.072884	0.000624
773.022092	773.000000	58.337543	0.000624
773.021916	773.000000	57.610669	0.000624
773.021740	773.000000	56.894941	0.000624
773.021566	773.000000	56.192436	0.000624
773.021394	773.000000	55.504302	0.000624
773.021223	773.000000	54.831414	0.000624
773.021053	773.000000	54.173925	0.000624
773.020884	773.000000	53.532055	0.000624
773.020717	773.000000	52.905181	0.000624
773.020552	773.000000	52.292606	0.000624
773.020387	773.000000	51.694324	0.000624
773.020224	773.000000	51.109378	0.000624
773.020062	773.000000	50.537387	0.000624
773.019902	773.000000	49.977842	0.000624
773.019743	773.000000	49.429798	0.000624
773.019585	773.000000	48.893053	0.000624
773.019428	773.000000	48.367042	0.000624
773.019273	773.000000	47.850757	0.000624
773.019118	773.000000	47.343271	0.000624
773.018965	773.000000	46.844808	0.000624
773.018814	773.000000	46.354961	0.000624
773.018663	773.000000	45.873660	0.000624
773.018514	773.000000	45.400161	0.000624
773.018366	773.000000	44.934258	0.000624
773.018219	773.000000	44.475793	0.000624
773.018073	773.000000	44.024180	0.000624
773.017929	773.000000	43.579353	0.000624
773.017785	773.000000	43.141106	0.000624
773.017643	773.000000	42.709128	0.000624
773.017502	773.000000	42.282944	0.000624
773.017362	773.000000	41.862517	0.000624
773.017223	773.000000	41.447804	0.000624
773.017085	773.000000	41.038337	0.000624
773.016948	773.000000	40.634155	0.000624
773.016813	773.000000	40.235071	0.000624
773.016678	773.000000	39.840239	0.000624
773.016545	773.000000	39.450175	0.000624
773.016412	773.000000	39.064536	0.000624
773.016281	773.000000	38.683109	0.000624
773.016151	773.000000	38.305739	0.000624
773.016022	773.000000	37.932310	0.000624
773.015893	773.000000	37.562546	0.000624
773.015766	773.000000	37.196588	0.000624
773.015640	773.000000	36.833905	0.000624
773.015515	773.000000	36.474703	0.000624
773.015391	773.000000	36.118598	0.000624
773.015268	773.000000	35.765614	0.000624
773.015146	773.000000	35.415486	0.000624
773.015025	773.000000	35.068076	0.000624
773.014904	773.000000	34.723401	0.000624
773.014785	773.000000	34.381339	0.000624
773.014667	773.000000	34.041435	0.000624
773.014549	773.000000	33.704053	0.000624
773.014433	773.000000	33.368944	0.000624
773.014318	773.000000	33.036216	0.000624
773.014203	773.000000	32.705309	0.000624
773.014089	773.000000	32.376593	0.000624
773.013977	773.000000	32.049867	0.000624
773.013865	773.000000	31.724769	0.000624
773.013754	773.000000	31.401980	0.000624
773.013644	773.000000	31.080866	0.000624
773.013535	773.000000	30.761602	0.000624
773.013427	773.000000	30.444329	0.000624
773.013319	773.000000	30.128590	0.000624
773.013213	773.000000	29.814848	0.000624
773.013107	773.000000	29.502801	0.000624
773.013002	773.000000	29.192440	0.000624
773.012898	773.000000	28.883922	0.000624
773.012795	773.000000	28.577185	0.000624
773.012692	773.000000	28.272253	0.000624
773.012591	773.000000	27.969110	0.000624
773.012490	773.000000	27.667712	0.000624
773.012390	773.000000	27.368158	0.000624
773.012291	773.000000	27.070360	0.000624
773.012193	773.000000	26.774610	0.000624
773.012095	773.000000	26.480500	0.000624
773.011999	773.000000	26.188601	0.000624
773.011903	773.000000	25.898448	0.000624
773.011807	773.000000	25.610403	0.000624
773.011713	773.000000	25.324028	0.000624
773.011619	773.000000	25.039935	0.000624
773.011526	773.000000	24.757695	0.000624
773.011434	773.000000	24.477657	0.000624
773.011343	773.000000	24.199613	0.000624
773.011252	773.000000	23.923599	0.000624
773.011162	773.000000	23.649721	0.000624
773.011072	773.000000	23.377992	0.000624
773.010984	773.000000	23.108352	0.000624
773.010896	773.000000	22.840981	0.000624
773.010809	773.000000	22.575813	0.000624
773.010722	773.000000	22.312583	0.000624
773.010637	773.000000	22.051949	0.000624
773.010552	773.000000	21.793420	0.000624
773.010467	773.000000	21.537082	0.000624
773.010383	773.000000	21.283184	0.000624
773.010300	773.000000	21.031423	0.000624
773.010218	773.000000	20.782011	0.000624
773.010136	773.000000	20.534947	0.000624
773.010055	773.000000	20.290102	0.000624
773.009975	773.000000	20.047782	0.000624
773.009895	773.000000	19.807722	0.000624
773.009816	773.000000	19.569792	0.000624
773.009737	773.000000	19.334402	0.000624
773.009659	773.000000	19.101574	0.000624
773.009582	773.000000	18.870752	0.000624
773.009505	773.000000	18.642494	0.000624
773.009429	773.000000	18.416710	0.000624
773.009354	773.000000	18.193204	0.000624
773.009279	773.000000	17.972195	0.000624
773.009205	773.000000	17.753329	0.000624
773.009131	773.000000	17.536912	0.000624
773.009058	773.000000	17.323095	0.000624
773.008986	773.000000	17.111414	0.000624
773.008914	773.000000	16.902110	0.000624
773.008842	773.000000	16.695177	0.000624
773.008772	773.000000	16.490679	0.000624
773.008702	773.000000	16.288545	0.000624
773.008632	773.000000	16.088802	0.000624
773.008563	773.000000	15.891094	0.000624
773.008494	773.000000	15.696037	0.000624
773.008426	773.000000	15.503161	0.000624
773.008359	773.000000	15.312508	0.000624
773.008292	773.000000	15.124215	0.000624
773.008226	773.000000	14.938360	0.000624
773.008160	773.000000	14.754385	0.000624
773.008095	773.000000	14.572948	0.000624
773.008030	773.000000	14.393899	0.000624
773.007966	773.000000	14.216715	0.000624
773.007902	773.000000	14.041736	0.000624
773.007839	773.000000	13.869132	0.000624
773.007776	773.000000	13.698857	0.000624
773.007714	773.000000	13.530211	0.000624
773.007652	773.000000	13.363929	0.000624
773.007591	773.000000	13.199962	0.000624
773.007530	773.000000	13.038091	0.000624
773.007470	773.000000	12.877878	0.000624
773.007410	773.000000	12.719989	0.000624
773.007351	773.000000	12.564352	0.000624
773.007292	773.000000	12.410605	0.000624
773.007234	773.000000	12.258535	0.000624
773.007176	773.000000	12.108628	0.000624
773.007118	773.000000	11.960868	0.000624
773.007062	773.000000	11.815053	0.000624
773.007005	773.000000	11.670850	0.000624
773.006949	773.000000	11.528594	0.000624
773.006893	773.000000	11.388396	0.000624
773.006838	773.000000	11.250065	0.000624
773.006784	773.000000	11.113564	0.000624
773.006729	773.000000	10.978651	0.000624
773.006675	773.000000	10.845575	0.000624
773.006622	773.000000	10.714406	0.000624
773.006569	773.000000	10.584982	0.000624
773.006517	773.000000	10.457061	0.000624
773.006464	773.000000	10.330898	0.000624
773.006413	773.000000	10.206533	0.000624
773.006361	773.000000	10.083746	0.000624
773.006310	773.000000	9.962695	0.000624
773.006260	773.000000	9.843291	0.000624
773.006210	773.000000	9.725360	0.000624
773.006160	773.000000	9.609051	0.000624
773.006111	773.000000	9.494367	0.000624
773.006062	773.000000	9.381300	0.000624
773.006014	773.000000	9.269609	0.000624
773.005965	773.000000	9.159347	0.000624
773.005918	773.000000	9.050654	0.000624
773.005870	773.000000	8.943327	0.000624
773.005823	773.000000	8.837434	0.000624
773.005777	773.000000	8.733007	0.000624
773.005731	773.000000	8.629956	0.000624
773.005685	773.000000	8.528254	0.000624
773.005639	773.000000	8.427847	0.000624
773.005594	773.000000	8.328713	0.000624
773.005549	773.000000	8.231009	0.000624
773.005505	773.000000	8.134683	0.000624
773.005461	773.000000	8.039609	0.000624
773.005417	773.000000	7.945780	0.000624
773.005374	773.000000	7.853147	0.000624
773.005331	773.000000	7.761773	0.000624
773.005288	773.000000	7.671561	0.000624
773.005246	773.000000	7.582551	0.000624
773.005204	773.000000	7.494709	0.000624
773.005162	773.000000	7.408045	0.000624
773.005121	773.000000	7.322525	0.000624
773.005080	773.000000	7.238078	0.000624
773.005040	773.000000	7.154656	0.000624
773.004999	773.000000	7.072349	0.000624
773.004959	773.000000	6.991163	0.000624
773.004920	773.000000	6.911064	0.000624
773.004880	773.000000	6.832020	0.000624
773.004841	773.000000	6.753899	0.000624
773.004802	773.000000	6.676817	0.000624
773.004764	773.000000	6.600689	0.000624
773.004726	773.000000	6.525550	0.000624
773.004688	773.000000	6.451382	0.000624
773.004651	773.000000	6.378173	0.000624
773.004613	773.000000	6.305915	0.000624
773.004576	773.000000	6.234620	0.000624
773.004540	773.000000	6.164246	0.000624
773.004504	773.000000	6.094741	0.000624
773.004467	773.000000	6.026086	0.000624
773.004432	773.000000	5.958255	0.000624
773.004396	773.000000	5.891291	0.000624
773.004361	773.000000	5.825267	0.000624
773.004326	773.000000	5.760056	0.000624
773.004292	773.000000	5.695597	0.000624
773.004257	773.000000	5.631936	0.000624
773.004223	773.000000	5.569103	0.000624
773.004189	773.000000	5.507110	0.000624
773.004156	773.000000	5.445933	0.000624
773.004123	773.000000	5.385456	0.000624
773.004090	773.000000	5.325693	0.000624
773.004057	773.000000	5.266745	0.000624
773.004025	773.000000	5.208531	0.000624
773.003992	773.000000	5.151089	0.000624
773.003960	773.000000	5.094312	0.000624
773.003929	773.000000	5.038196	0.000624
773.003897	773.000000	4.982802	0.000624
773.003866	773.000000	4.928173	0.000624
773.003835	773.000000	4.874201	0.000624
773.003804	773.000000	4.820877	0.000624
773.003774	773.000000	4.768216	0.000624
773.003744	773.000000	4.716195	0.000624
773.003714	773.000000	4.664814	0.000624
773.003684	773.000000	4.614092	0.000624
773.003655	773.000000	4.563939	0.000624
773.003625	773.000000	4.514384	0.000624
773.003596	773.000000	4.465425	0.000624
773.003568	773.000000	4.417080	0.000624
773.003539	773.000000	4.369389	0.000624
773.003511	773.000000	4.322226	0.000624
773.003483	773.000000	4.275616	0.000624
773.003455	773.000000	4.229592	0.000624
773.003427	773.000000	4.184069	0.000624
773.003400	773.000000	4.139103	0.000624
773.003373	773.000000	4.094706	0.000624
773.003346	773.000000	4.050812	0.000624
773.003319	773.000000	4.007407	0.000624
773.003292	773.000000	3.964500	0.000624
773.003266	773.000000	3.922101	0.000624
773.003240	773.000000	3.880219	0.000624
773.003214	773.000000	3.838887	0.000624
773.003188	773.000000	3.798029	0.000624
773.003163	773.000000	3.757647	0.000624
773.003137	773.000000	3.717747	0.000624
773.003112	773.000000	3.678253	0.000624
773.003087	773.000000	3.639211	0.000624
773.003063	773.000000	3.600681	0.000624
773.003038	773.000000	3.562636	0.000624
773.003014	773.000000	3.525018	0.000624
773.002990	773.000000	3.487810	0.000624
773.002966	773.000000	3.451007	0.000624
773.002942	773.000000	3.414615	0.000624
773.002919	773.000000	3.378637	0.000624
773.002895	773.000000	3.343081	0.000624
773.002872	773.000000	3.307955	0.000624
773.002849	773.000000	3.273202	0.000624
773.002826	773.000000	3.238858	0.000624
773.002804	773.000000	3.204940	0.000624
773.002781	773.000000	3.171366	0.000624
773.002759	773.000000	3.138159	0.000624
773.002737	773.000000	3.105389	0.000624
773.002715	773.000000	3.073002	0.000624
773.002693	773.000000	3.041007	0.000624
773.002672	773.000000	3.009354	0.000624
773.002650	773.000000	2.978009	0.000624
773.002629	773.000000	2.947021	0.000624
773.002608	773.000000	2.916398	0.000624
773.002587	773.000000	2.886117	0.000624
773.002567	773.000000	2.856171	0.000624
773.002546	773.000000	2.826579	0.000624
773.002526	773.000000	2.797337	0.000624
773.002506	773.000000	2.768431	0.000624
773.002486	773.000000	2.739827	0.000624
773.002466	773.000000	2.711514	0.000624
773.002446	773.000000	2.683461	0.000624
773.002426	773.000000	2.655730	0.000624
773.002407	773.000000	2.628311	0.000624
773.002388	773.000000	2.601235	0.000624
773.002369	773.000000	2.574499	0.000624
773.002350	773.000000	2.548060	0.000624
773.002331	773.000000	2.521929	0.000624
773.002312	773.000000	2.496076	0.000624
773.002294	773.000000	2.470490	0.000624
773.002275	773.000000	2.445185	0.000624
773.002257	773.000000	2.420168	0.000624
773.002239	773.000000	2.395406	0.000624
773.002221	773.000000	2.370894	0.000624
773.002203	773.000000	2.346654	0.000624
773.002186	773.000000	2.322685	0.000624
773.002168	773.000000	2.298973	0.000624
773.002151	773.000000	2.275534	0.000624
773.002134	773.000000	2.252357	0.000624
773.002117	773.000000	2.229414	0.000624
773.002100	773.000000	2.206675	0.000624
773.002083	773.000000	2.184198	0.000624
773.002066	773.000000	2.161959	0.000624
773.002050	773.000000	2.139959	0.000624
773.002033	773.000000	2.118207	0.000624
773.002017	773.000000	2.096725	0.000624
773.002001	773.000000	2.075491	0.000624
773.001985	773.000000	2.054490	0.000624
773.001969	773.000000	2.033713	0.000624
773.001953	773.000000	2.013169	0.000624
773.001938	773.000000	1.992833	0.000624
773.001922	773.000000	1.972708	0.000624
773.001907	773.000000	1.952792	0.000624
773.001892	773.000000	1.933086	0.000624
773.001876	773.000000	1.913590	0.000624
773.001861	773.000000	1.894306	0.000624
773.001846	773.000000	1.875228	0.000624
773.001832	773.000000	1.856340	0.000624
773.001817	773.000000	1.837669	0.000624
773.001803	773.000000	1.819190	0.000624
773.001788	773.000000	1.800911	0.000624
773.001774	773.000000	1.782828	0.000624
773.001760	773.000000	1.764935	0.000624
773.001746	773.000000	1.747210	0.000624
773.001732	773.000000	1.729666	0.000624
773.001718	773.000000	1.712289	0.000624
773.001704	773.000000	1.695098	0.000624
773.001690	773.000000	1.678083	0.000624
773.001677	773.000000	1.661245	0.000624
773.001663	773.000000	1.644585	0.000624
773.001650	773.000000	1.628106	0.000624
773.001637	773.000000	1.611819	0.000624
773.001624	773.000000	1.595718	0.000624
773.001611	773.000000	1.579790	0.000624
773.001598	773.000000	1.564032	0.000624
773.001585	773.000000	1.548437	0.000624
773.001572	773.000000	1.533013	0.000624
773.001560	773.000000	1.517765	0.000624
773.001547	773.000000	1.502675	0.000624
773.001535	773.000000	1.487742	0.000624
773.001523	773.000000	1.472957	0.000624
773.001511	773.000000	1.458324	0.000624
773.001498	773.000000	1.443846	0.000624
773.001486	773.000000	1.429515	0.000624
773.001475	773.000000	1.415331	0.000624
773.001463	773.000000	1.401287	0.000624
773.001451	773.000000	1.387390	0.000624
773.001439	773.000000	1.373638	0.000624
773.001428	773.000000	1.360038	0.000624
773.001417	773.000000	1.346571	0.000624
773.001405	773.000000	1.333243	0.000624
773.001394	773.000000	1.320054	0.000624
773.001383	773.000000	1.306989	0.000624
773.001372	773.000000	1.294048	0.000624
773.001361	773.000000	1.281228	0.000624
773.001350	773.000000	1.268539	0.000624
773.001339	773.000000	1.255992	0.000624
773.001328	773.000000	1.243574	0.000624
773.001318	773.000000	1.231287	0.000624
773.001307	773.000000	1.219124	0.000624
773.001297	773.000000	1.207080	0.000624
773.001286	773.000000	1.195156	0.000624
773.001276	773.000000	1.183357	0.000624
773.001266	773.000000	1.171676	0.000624
773.001256	773.000000	1.160111	0.000624
773.001246	773.000000	1.148658	0.000624
773.001236	773.000000	1.137328	0.000624
773.001226	773.000000	1.126127	0.000624
773.001216	773.000000	1.115045	0.000624
773.001206	773.000000	1.104079	0.000624
773.001197	773.000000	1.093227	0.000624
773.001187	773.000000	1.082485	0.000624
773.001178	773.000000	1.071854	0.000624
773.001168	773.000000	1.061330	0.000624
773.001159	773.000000	1.050910	0.000624
773.001150	773.000000	1.040597	0.000624
773.001140	773.000000	1.030396	0.000624
773.001131	773.000000	1.020300	0.000624
773.001122	773.000000	1.010307	0.000624
773.001113	773.000000	1.000410	0.000624
773.001104	773.000000	0.990613	0.000624
773.001095	773.000000	0.980918	0.000624
773.001087	773.000000	0.971320	0.000624
773.001078	773.000000	0.961817	0.000624
773.001069	773.000000	0.952413	0.000624
773.001061	773.000000	0.943102	0.000624
773.001052	773.000000	0.933881	0.000624
773.001044	773.000000	0.924754	0.000624
773.001036	773.000000	0.915720	0.000624
773.001027	773.000000	0.906777	0.000624
773.001019	773.000000	0.897925	0.000624
773.001011	773.000000	0.889163	0.000624
773.001003	773.000000	0.880497	0.000624
773.000995	773.000000	0.871917	0.000624
773.000987	773.000000	0.863424	0.000624
773.000979	773.000000	0.855015	0.000624
773.000971	773.000000	0.846696	0.000624
773.000963	773.000000	0.838440	0.000624
773.000956	773.000000	0.830263	0.000624
773.000948	773.000000	0.822169	0.000624
773.000940	773.000000	0.814155	0.000624
773.000933	773.000000	0.806220	0.000624
773.000925	773.000000	0.798366	0.000624
773.000918	773.000000	0.790589	0.000624
773.000911	773.000000	0.782888	0.000624
773.000903	773.000000	0.775262	0.000624
773.000896	773.000000	0.767710	0.000624
773.000889	773.000000	0.760239	0.000624
773.000882	773.000000	0.752845	0.000624
773.000875	773.000000	0.745524	0.000624
773.000868	773.000000	0.738279	0.000624
773.000861	773.000000	0.731109	0.000624
773.000854	773.000000	0.724005	0.000624
773.000847	773.000000	0.716973	0.000624
773.000840	773.000000	0.710011	0.000624
773.000834	773.000000	0.703119	0.000624
773.000827	773.000000	0.696296	0.000624
773.000820	773.000000	0.689539	0.000624
773.000814	773.000000	0.682843	0.000624
773.000807	773.000000	0.676212	0.000624
773.000801	773.000000	0.669646	0.000624
773.000794	773.000000	0.663144	0.000624
773.000788	773.000000	0.656708	0.000624
773.000782	773.000000	0.650343	0.000624
773.000776	773.000000	0.644040	0.000624
773.000769	773.000000	0.637801	0.000624
773.000763	773.000000	0.631626	0.000624
773.000757	773.000000	0.625512	0.000624
773.000751	773.000000	0.619458	0.000624
773.000745	773.000000	0.613467	0.000624
773.000739	773.000000	0.607536	0.000624
773.000733	773.000000	0.601662	0.000624
773.000727	773.000000	0.595847	0.000624
773.000721	773.000000	0.590089	0.000624
773.000716	773.000000	0.584386	0.000624
773.000710	773.000000	0.578739	0.000624
773.000704	773.000000	0.573148	0.000624
773.000699	773.000000	0.567611	0.000624
773.000693	773.000000	0.562129	0.000624
773.000688	773.000000	0.556703	0.000624
773.000682	773.000000	0.551335	0.000624
773.000677	773.000000	0.546020	0.000624
773.000671	773.000000	0.540757	0.000624
773.000666	773.000000	0.535546	0.000624
773.000660	773.000000	0.530387	0.000624
773.000655	773.000000	0.525280	0.000624
773.000650	773.000000	0.520222	0.000624
773.000645	773.000000	0.515215	0.000624
773.000640	773.000000	0.510253	0.000624
773.000634	773.000000	0.505339	0.000624
773.000629	773.000000	0.500472	0.000624
773.000624	773.000000	0.495653	0.000624
773.000619	773.000000	0.490881	0.000624
773.000614	773.000000	0.486155	0.000624
773.000609	773.000000	0.481475	0.000624
773.000605	773.000000	0.476841	0.000624
773.000600	773.000000	0.472252	0.000624
773.000595	773.000000	0.467707	0.000624
773.000590	773.000000	0.463206	0.000624
773.000585	773.000000	0.458750	0.000624
773.000581	773.000000	0.454337	0.000624
773.000576	773.000000	0.449967	0.000624
773.000572	773.000000	0.445641	0.000624
773.000567	773.000000	0.441358	0.000624
773.000562	773.000000	0.437113	0.000624
773.000558	773.000000	0.432909	0.000624
773.000553	773.000000	0.428746	0.000624
773.000549	773.000000	0.424624	0.000624
773.000545	773.000000	0.420543	0.000624
773.000540	773.000000	0.416503	0.000624
773.000536	773.000000	0.412506	0.000624
773.000532	773.000000	0.408548	0.000624
773.000527	773.000000	0.404629	0.000624
773.000523	773.000000	0.400748	0.000624
773.000519	773.000000	0.396899	0.000624
773.000515	773.000000	0.393087	0.000624
773.000511	773.000000	0.389312	0.000624
773.000507	773.000000	0.385573	0.000624
773.000503	773.000000	0.381872	0.000624
773.000499	773.000000	0.378206	0.000624
773.000495	773.000000	0.374576	0.000624
773.000491	773.000000	0.370982	0.000624
773.000487	773.000000	0.367423	0.000624
773.000483	773.000000	0.363898	0.000624
773.000479	773.000000	0.360407	0.000624
773.000475	773.000000	0.356951	0.000624
773.000471	773.000000	0.353528	0.000624
773.000468	773.000000	0.350139	0.000624
773.000464	773.000000	0.346782	0.000624
773.000460	773.000000	0.343456	0.000624
773.000456	773.000000	0.340163	0.000624
773.000453	773.000000	0.336900	0.000624
773.000449	773.000000	0.333669	0.000624
773.000446	773.000000	0.330468	0.000624
773.000442	773.000000	0.327298	0.000624
773.000438	773.000000	0.324159	0.000624
773.000435	773.000000	0.321051	0.000624
773.000431	773.000000	0.317972	0.000624
773.000428	773.000000	0.314923	0.000624
773.000425	773.000000	0.311904	0.000624
773.000421	773.000000	0.308914	0.000624
773.000418	773.000000	0.305953	0.000624
773.000414	773.000000	0.303021	0.000624
773.000411	773.000000	0.300117	0.000624
773.000408	773.000000	0.297240	0.000624
773.000405	773.000000	0.294391	0.000624
773.000401	773.000000	0.291569	0.000624
773.000398	773.000000	0.288774	0.000624
773.000395	773.000000	0.286006	0.000624
773.000392	773.000000	0.283266	0.000624
773.000389	773.000000	0.280552	0.000624
773.000386	773.000000	0.277865	0.000624
773.000383	773.000000	0.275204	0.000624
773.000379	773.000000	0.272571	0.000624
773.000376	773.000000	0.269963	0.000624
773.000373	773.000000	0.267383	0.000624
773.000370	773.000000	0.264828	0.000624
773.000367	773.000000	0.262298	0.000624
773.000365	773.000000	0.259793	0.000624
773.000362	773.000000	0.257312	0.000624
773.000359	773.000000	0.254855	0.000624
773.000356	773.000000	0.252421	0.000624
773.000353	773.000000	0.250011	0.000624
773.000350	773.000000	0.247624	0.000624
773.000347	773.000000	0.245260	0.000624
773.000345	773.000000	0.242918	0.000624
773.000342	773.000000	0.240598	0.000624
773.000339	773.000000	0.238299	0.000624
773.000336	773.000000	0.236023	0.000624
773.000334	773.000000	0.233769	0.000624
773.000331	773.000000	0.231537	0.000624
773.000328	773.000000	0.229326	0.000624
773.000326	773.000000	0.227137	0.000624
773.000323	773.000000	0.224968	0.000624
773.000321	773.000000	0.222820	0.000624
773.000318	773.000000	0.220692	0.000624
773.000315	773.000000	0.218584	0.000624
773.000313	773.000000	0.216497	0.000624
773.000310	773.000000	0.214430	0.000624
773.000308	773.000000	0.212384	0.000624
773.000305	773.000000	0.210357	0.000624
773.000303	773.000000	0.208350	0.000624
773.000301	773.000000	0.206362	0.000624
773.000298	773.000000	0.204394	0.000624
773.000296	773.000000	0.202444	0.000624
773.000293	773.000000	0.200513	0.000624
773.000291	773.000000	0.198601	0.000624
773.000289	773.000000	0.196707	0.000624
773.000286	773.000000	0.194832	0.000624
773.000284	773.000000	0.192975	0.000624
773.000282	773.000000	0.191136	0.000624
773.000280	773.000000	0.189314	0.000624
773.000277	773.000000	0.187508	0.000624
773.000275	773.000000	0.185721	0.000624
773.000273	773.000000	0.183951	0.000624
773.000271	773.000000	0.182199	0.000624
773.000269	773.000000	0.180464	0.000624
773.000266	773.000000	0.178746	0.000624
773.000264	773.000000	0.177044	0.000624
773.000262	773.000000	0.175359	0.000624
773.000260	773.000000	0.173690	0.000624
773.000258	773.000000	0.172038	0.000624
773.000256	773.000000	0.170401	0.000624
773.000254	773.000000	0.168780	0.000624
773.000252	773.000000	0.167175	0.000624
773.000250	773.000000	0.165585	0.000624
773.000248	773.000000	0.164011	0.000624
773.000246	773.000000	0.162452	0.000624
773.000244	773.000000	0.160908	0.000624
773.000242	773.000000	0.159378	0.000624
773.000240	773.000000	0.157863	0.000624
773.000238	773.000000	0.156363	0.000624
773.000236	773.000000	0.154877	0.000624
773.000234	773.000000	0.153406	0.000624
773.000232	773.000000	0.151949	0.000624
773.000231	773.000000	0.150505	0.000624
773.000229	773.000000	0.149075	0.000624
773.000227	773.000000	0.147659	0.000624
773.000225	773.000000	0.146257	0.000624
773.000223	773.000000	0.144867	0.000624
773.000222	773.000000	0.143491	0.000624
773.000220	773.000000	0.142128	0.000624
773.000218	773.000000	0.140778	0.000624
773.000216	773.000000	0.139441	0.000624
773.000215	773.000000	0.138117	0.000624
773.000213	773.000000	0.136806	0.000624
773.000211	773.000000	0.135508	0.000624
773.000209	773.000000	0.134223	0.000624
773.000208	773.000000	0.132950	0.000624
773.000206	773.000000	0.131689	0.000624
773.000204	773.000000	0.130441	0.000624
773.000203	773.000000	0.129204	0.000624
773.000201	773.000000	0.127979	0.000624
773.000200	773.000000	0.126766	0.000624
773.000198	773.000000	0.125564	0.000624
773.000196	773.000000	0.124374	0.000624
773.000195	773.000000	0.123196	0.000624
773.000193	773.000000	0.122029	0.000624
773.000192	773.000000	0.120873	0.000624
773.000190	773.000000	0.119729	0.000624
773.000189	773.000000	0.118595	0.000624
773.000187	773.000000	0.117472	0.000624
773.000186	773.000000	0.116361	0.000624
773.000184	773.000000	0.115260	0.000624
773.000183	773.000000	0.114169	0.000624
773.000181	773.000000	0.113089	0.000624
773.000180	773.000000	0.112019	0.000624
773.000178	773.000000	0.110959	0.000624
773.000177	773.000000	0.109909	0.000624
773.000175	773.000000	0.108869	0.000624
773.000174	773.000000	0.107840	0.000624
773.000173	773.000000	0.106820	0.000624
773.000171	773.000000	0.105810	0.000624
773.000170	773.000000	0.104809	0.000624
773.000169	773.000000	0.103818	0.000624
773.000167	773.000000	0.102837	0.000624
773.000166	773.000000	0.101865	0.000624
773.000165	773.000000	0.100902	0.000624
773.000163	773.000000	0.099948	0.000624
773.000162	773.000000	0.099003	0.000624
773.000161	773.000000	0.098068	0.000624
773.000159	773.000000	0.097141	0.000624
773.000158	773.000000	0.096224	0.000624
773.000157	773.000000	0.095315	0.000624
773.000156	773.000000	0.094415	0.000624
773.000154	773.000000	0.093523	0.000624
773.000153	773.000000	0.092640	0.000624
773.000152	773.000000	0.091765	0.000624
773.000151	773.000000	0.090898	0.000624
773.000149	773.000000	0.090040	0.000624
773.000148	773.000000	0.089190	0.000624
773.000147	773.000000	0.088347	0.000624
773.000146	773.000000	0.087513	0.000624
773.000145	773.000000	0.086687	0.000624
773.000144	773.000000	0.085869	0.000624
773.000142	773.000000	0.085058	0.000624
773.000141	773.000000	0.084255	0.000624
773.000140	773.000000	0.083460	0.000624
773.000139	773.000000	0.082673	0.000624
773.000138	773.000000	0.081893	0.000624
773.000137	773.000000	0.081121	0.000624
773.000136	773.000000	0.080356	0.000624
773.000135	773.000000	0.079598	0.000624
773.000134	773.000000	0.078847	0.000624
773.000132	773.000000	0.078104	0.000624
773.000131	773.000000	0.077368	0.000624
773.000130	773.000000	0.076638	0.000624
773.000129	773.000000	0.075916	0.000624
773.000128	773.000000	0.075201	0.000624
773.000127	773.000000	0.074493	0.000624
773.000126	773.000000	0.073792	0.000624
773.000125	773.000000	0.073098	0.000624
773.000124	773.000000	0.072410	0.000624
773.000123	773.000000	0.071728	0.000624
773.000122	773.000000	0.071053	0.000624
773.000121	773.000000	0.070385	0.000624
773.000120	773.000000	0.069722	0.000624
773.000119	773.000000	0.069066	0.000624
773.000118	773.000000	0.068417	0.000624
773.000117	773.000000	0.067773	0.000624
773.000117	773.000000	0.067136	0.000624
773.000116	773.000000	0.066505	0.000624
773.000115	773.000000	0.065880	0.000624
773.000114	773.000000	0.065260	0.000624
773.000113	773.000000	0.064647	0.000624
773.000112	773.000000	0.064039	0.000624
773.000111	773.000000	0.063437	0.000624
773.000110	773.000000	0.062841	0.000624
773.000109	773.000000	0.062250	0.000624
773.000108	773.000000	0.061665	0.000624
773.000108	773.000000	0.061086	0.000624
773.000107	773.000000	0.060512	0.000624
773.000106	773.000000	0.059944	0.000624
773.000105	773.000000	0.059381	0.000624
773.000104	773.000000	0.058823	0.000624
773.000103	773.000000	0.058270	0.000624
773.000102	773.000000	0.057723	0.000624
773.000102	773.000000	0.057182	0.000624
773.000101	773.000000	0.056645	0.000624
773.000100	773.000000	0.056113	0.000624
773.000099	773.000000	0.055587	0.000624
773.000098	773.000000	0.055065	0.000624
773.000098	773.000000	0.054549	0.000624
773.000097	773.000000	0.054037	0.000624
773.000096	773.000000	0.053530	0.000624
773.000095	773.000000	0.053028	0.000624
773.000095	773.000000	0.052531	0.000624
773.000094	773.000000	0.052038	0.000624
773.000093	773.000000	0.051551	0.000624
773.000092	773.000000	0.051067	0.000624
773.000092	773.000000	0.050589	0.000624
773.000091	773.000000	0.050115	0.000624
773.000090	773.000000	0.049645	0.000624
773.000089	773.000000	0.049180	0.000624
773.000089	773.000000	0.048719	0.000624
773.000088	773.000000	0.048263	0.000624
773.000087	773.000000	0.047811	0.000624
773.000087	773.000000	0.047364	0.000624
773.000086	773.000000	0.046920	0.000624
773.000085	773.000000	0.046481	0.000624
773.000084	773.000000	0.046046	0.000624
773.000084	773.000000	0.045615	0.000624
773.000083	773.000000	0.045188	0.000624
773.000082	773.000000	0.044765	0.000624
773.000082	773.000000	0.044347	0.000624
773.000081	773.000000	0.043932	0.000624
773.000081	773.000000	0.043521	0.000624
773.000080	773.000000	0.043114	0.000624
773.000079	773.000000	0.042711	0.000624
773.000079	773.000000	0.042312	0.000624
773.000078	773.000000	0.041917	0.000624
773.000077	773.000000	0.041525	0.000624
773.000077	773.000000	0.041137	0.000624
773.000076	773.000000	0.040753	0.000624
773.000076	773.000000	0.040372	0.000624
773.000075	773.000000	0.039995	0.000624
773.000074	773.000000	0.039622	0.000624
773.000074	773.000000	0.039252	0.000624
773.000073	773.000000	0.038886	0.000624
773.000073	773.000000	0.038523	0.000624
773.000072	773.000000	0.038163	0.000624
773.000071	773.000000	0.037807	0.000624
773.000071	773.000000	0.037455	0.000624
773.000070	773.000000	0.037106	0.000624
773.000070	773.000000	0.036760	0.000624
773.000069	773.000000	0.036417	0.000624
773.000069	773.000000	0.036077	0.000624
773.000068	773.000000	0.035741	0.000624
773.000067	773.000000	0.035408	0.000624
773.000067	773.000000	0.035078	0.000624
773.000066	773.000000	0.034752	0.000624
773.000066	773.000000	0.034428	0.000624
773.000065	773.000000	0.034107	0.000624
773.000065	773.000000	0.033790	0.000624
773.000064	773.000000	0.033475	0.000624
773.000064	773.000000	0.033164	0.000624
773.000063	773.000000	0.032855	0.000624
773.000063	773.000000	0.032550	0.000624
773.000062	773.000000	0.032247	0.000624
773.000062	773.000000	0.031947	0.000624
773.000061	773.000000	0.031650	0.000624
773.000061	773.000000	0.031356	0.000624
773.000060	773.000000	0.031064	0.000624
773.000060	773.000000	0.030776	0.000624
773.000059	773.000000	0.030490	0.000624
773.000059	773.000000	0.030207	0.000624
773.000058	773.000000	0.029926	0.000624
773.000058	773.000000	0.029648	0.000624
773.000057	773.000000	0.029373	0.000624
773.000057	773.000000	0.029101	0.000624
773.000057	773.000000	0.028831	0.000624
773.000056	773.000000	0.028563	0.000624
773.000056	773.000000	0.028298	0.000624
773.000055	773.000000	0.028036	0.000624
773.000055	773.000000	0.027776	0.000624
773.000054	773.000000	0.027518	0.000624
773.000054	773.000000	0.027263	0.000624
773.000053	773.000000	0.027011	0.000624
773.000053	773.000000	0.026761	0.000624
773.000053	773.000000	0.026513	0.000624
773.000052	773.000000	0.026267	0.000624
773.000052	773.000000	0.026024	0.000624
773.000051	773.000000	0.025783	0.000624
773.000051	773.000000	0.025545	0.000624
773.000051	773.000000	0.025309	0.000624
773.000050	773.000000	0.025075	0.000624
773.000050	773.000000	0.024843	0.000624
773.000049	773.000000	0.024613	0.000624
773.000049	773.000000	0.024386	0.000624
773.000049	773.000000	0.024160	0.000624
773.000048	773.000000	0.023937	0.000624
773.000048	773.000000	0.023716	0.000624
773.000047	773.000000	0.023497	0.000624
773.000047	773.000000	0.023280	0.000624
773.000047	773.000000	0.023066	0.000624
773.000046	773.000000	0.022853	0.000624
773.000046	773.000000	0.022642	0.000624
773.000046	773.000000	0.022433	0.000624
773.000045	773.000000	0.022226	0.000624
773.000045	773.000000	0.022022	0.000624
773.000044	773.000000	0.021819	0.000624
773.000044	773.000000	0.021618	0.000624
773.000044	773.000000	0.021419	0.000624
773.000043	773.000000	0.021222	0.000624
773.000043	773.000000	0.021026	0.000624
773.000043	773.000000	0.020833	0.000624
773.000042	773.000000	0.020641	0.000624
773.000042	773.000000	0.020452	0.000624
773.000042	773.000000	0.020264	0.000624
773.000041	773.000000	0.020077	0.000624
773.000041	773.000000	0.019893	0.000624
773.000041	773.000000	0.019710	0.000624
773.000040	773.000000	0.019529	0.000624
773.000040	773.000000	0.019350	0.000624
773.000040	773.000000	0.019173	0.000624
773.000039	773.000000	0.018997	0.000624
773.000039	773.000000	0.018822	0.000624
773.000039	773.000000	0.018650	0.000624
773.000038	773.000000	0.018479	0.000624
773.000038	773.000000	0.018310	0.000624
773.000038	773.000000	0.018142	0.000624
773.000038	773.000000	0.017976	0.000624
773.000037	773.000000	0.017812	0.000624
773.000037	773.000000	0.017649	0.000624
773.000037	773.000000	0.017487	0.000624
773.000036	773.000000	0.017327	0.000624
773.000036	773.000000	0.017169	0.000624
773.000036	773.000000	0.017012	0.000624
773.000035	773.000000	0.016857	0.000624
773.000035	773.000000	0.016703	0.000624
773.000035	773.000000	0.016550	0.000624
773.000035	773.000000	0.016400	0.000624
773.000034	773.000000	0.016250	0.000624
773.000034	773.000000	0.016102	0.000624
773.000034	773.000000	0.015955	0.000624
773.000034	773.000000	0.015810	0.000624
773.000033	773.000000	0.015666	0.000624
773.000033	773.000000	0.015523	0.000624
773.000033	773.000000	0.015382	0.000624
773.000032	773.000000	0.015242	0.000624
773.000032	773.000000	0.015104	0.000624
773.000032	773.000000	0.014966	0.000624
773.000032	773.000000	0.014830	0.000624
773.000031	773.000000	0.014696	0.000624
773.000031	773.000000	0.014562	0.000624
773.000031	773.000000	0.014430	0.000624
773.000031	773.000000	0.014299	0.000624
773.000030	773.000000	0.014170	0.000624
773.000030	773.000000	0.014041	0.000624
773.000030	773.000000	0.013914	0.000624
773.000030	773.000000	0.013788	0.000624
773.000030	773.000000	0.013663	0.000624
773.000029	773.000000	0.013540	0.000624
773.000029	773.000000	0.013417	0.000624
773.000029	773.000000	0.013296	0.000624
773.000029	773.000000	0.013176	0.000624
773.000028	773.000000	0.013057	0.000624
773.000028	773.000000	0.012939	0.000624
773.000028	773.000000	0.012822	0.000624
773.000028	773.000000	0.012706	0.000624
773.000027	773.000000	0.012592	0.000624
773.000027	773.000000	0.012479	0.000624
773.000027	773.000000	0.012366	0.000624
773.000027	773.000000	0.012255	0.000624
773.000027	773.000000	0.012145	0.000624
773.000026	773.000000	0.012035	0.000624
773.000026	773.000000	0.011927	0.000624
773.000026	773.000000	0.011820	0.000624
773.000026	773.000000	0.011714	0.000624
773.000026	773.000000	0.011609	0.000624
773.000025	773.000000	0.011505	0.000624
773.000025	773.000000	0.011401	0.000624
773.000025	773.000000	0.011299	0.000624
773.000025	773.000000	0.011198	0.000624
773.000025	773.000000	0.011098	0.000624
773.000024	773.000000	0.010999	0.000624
773.000024	773.000000	0.010900	0.000624
773.000024	773.000000	0.010803	0.000624
773.000024	773.000000	0.010706	0.000624
773.000024	773.000000	0.010611	0.000624
773.000023	773.000000	0.010516	0.000624
773.000023	773.000000	0.010422	0.000624
773.000023	773.000000	0.010329	0.000624
773.000023	773.000000	0.010237	0.000624
773.000023	773.000000	0.010146	0.000624
773.000022	773.000000	0.010056	0.000624
773.000022	773.000000	0.009966	0.000624
773.000022	773.000000	0.009878	0.000624
773.000022	773.000000	0.009790	0.000624
773.000022	773.000000	0.009703	0.000624
773.000022	773.000000	0.009617	0.000624
773.000021	773.000000	0.009532	0.000624
773.000021	773.000000	0.009447	0.000624
773.000021	773.000000	0.009364	0.000624
773.000021	773.000000	0.009281	0.000624
773.000021	773.000000	0.009199	0.000624
773.000021	773.000000	0.009117	0.000624
773.000020	773.000000	0.009037	0.000624
773.000020	773.000000	0.008957	0.000624
773.000020	773.000000	0.008878	0.000624
773.000020	773.000000	0.008800	0.000624
773.000020	773.000000	0.008722	0.000624
773.000020	773.000000	0.008646	0.000624
773.000019	773.000000	0.008570	0.000624
773.000019	773.000000	0.008494	0.000624
773.000019	773.000000	0.008420	0.000624
773.000019	773.000000	0.008346	0.000624
773.000019	773.000000	0.008273	0.000624
773.000019	773.000000	0.008200	0.000624
773.000019	773.000000	0.008128	0.000624
773.000018	773.000000	0.008057	0.000624
773.000018	773.000000	0.007987	0.000624
773.000018	773.000000	0.007917	0.000624
773.000018	773.000000	0.007848	0.000624
773.000018	773.000000	0.007779	0.000624
773.000018	773.000000	0.007711	0.000624
773.000018	773.000000	0.007644	0.000624
773.000017	773.000000	0.007578	0.000624
773.000017	773.000000	0.007512	0.000624
773.000017	773.000000	0.007446	0.000624
773.000017	773.000000	0.007382	0.000624
773.000017	773.000000	0.007318	0.000624
773.000017	773.000000	0.007254	0.000624
773.000017	773.000000	0.007191	0.000624
773.000016	773.000000	0.007129	0.000624
773.000016	773.000000	0.007067	0.000624
773.000016	773.000000	0.007006	0.000624
773.000016	773.000000	0.006946	0.000624
773.000016	773.000000	0.006886	0.000624
773.000016	773.000000	0.006826	0.000624
773.000016	773.000000	0.006768	0.000624
773.000016	773.000000	0.006709	0.000624
773.000015	773.000000	0.006652	0.000624
773.000015	773.000000	0.006594	0.000624
773.000015	773.000000	0.006538	0.000624
773.000015	773.000000	0.006482	0.000624
773.000015	773.000000	0.006426	0.000624
773.000015	773.000000	0.006371	0.000624
773.000015	773.000000	0.006317	0.000624
773.000015	773.000000	0.006263	0.000624
773.000014	773.000000	0.006209	0.000624
773.000014	773.000000	0.006156	0.000624
773.000014	773.000000	0.006104	0.000624
773.000014	773.000000	0.006052	0.000624
773.000014	773.000000	0.006000	0.000624
773.000014	773.000000	0.005949	0.000624
773.000014	773.000000	0.005899	0.000624
773.000014	773.000000	0.005849	0.000624
773.000014	773.000000	0.005799	0.000624
773.000013	773.000000	0.005750	0.000624
773.000013	773.000000	0.005702	0.000624
773.000013	773.000000	0.005653	0.000624
773.000013	773.000000	0.005606	0.000624
773.000013	773.000000	0.005558	0.000624
773.000013	773.000000	0.005512	0.000624
773.000013	773.000000	0.005465	0.000624
773.000013	773.000000	0.005419	0.000624
773.000013	773.000000	0.005374	0.000624
773.000012	773.000000	0.005329	0.000624
773.000012	773.000000	0.005284	0.000624
773.000012	773.000000	0.005240	0.000624
773.000012	773.000000	0.005196	0.000624
773.000012	773.000000	0.005153	0.000624
773.000012	773.000000	0.005110	0.000624
773.000012	773.000000	0.005067	0.000624
773.000012	773.000000	0.005025	0.000624
773.000012	773.000000	0.004984	0.000624
773.000012	773.000000	0.004942	0.000624
773.000012	773.000000	0.004901	0.000624
773.000011	773.000000	0.004861	0.000624
773.000011	773.000000	0.004820	0.000624
773.000011	773.000000	0.004781	0.000624
773.000011	773.000000	0.004741	0.000624
773.000011	773.000000	0.004702	0.000624
773.000011	773.000000	0.004664	0.000624
773.000011	773.000000	0.004625	0.000624
773.000011	773.000000	0.004587	0.000624
773.000011	773.000000	0.004550	0.000624
773.000011	773.000000	0.004512	0.000624
773.000011	773.000000	0.004476	0.000624
773.000010	773.000000	0.004439	0.000624
773.000010	773.000000	0.004403	0.000624
773.000010	773.000000	0.004367	0.000624
773.000010	773.000000	0.004332	0.000624
773.000010	773.000000	0.004296	0.000624
773.000010	773.000000	0.004262	0.000624
773.000010	773.000000	0.004227	0.000624
773.000010	773.000000	0.004193	0.000624
773.000010	773.000000	0.004159	0.000624
773.000010	773.000000	0.004126	0.000624
773.000010	773.000000	0.004092	0.000624
773.000010	773.000000	0.004059	0.000624
773.000010	773.000000	0.004027	0.000624
773.000009	773.000000	0.003995	0.000624
773.000009	773.000000	0.003963	0.000624
773.000009	773.000000	0.003931	0.000624
773.000009	773.000000	0.003900	0.000624
773.000009	773.000000	0.003869	0.000624
773.000009	773.000000	0.003838	0.000624
773.000009	773.000000	0.003807	0.000624
773.000009	773.000000	0.003777	0.000624
773.000009	773.000000	0.003747	0.000624
773.000009	773.000000	0.003718	0.000624
773.000009	773.000000	0.003688	0.000624
773.000009	773.000000	0.003659	0.000624
773.000009	773.000000	0.003630	0.000624
773.000008	773.000000	0.003602	0.000624
773.000008	773.000000	0.003574	0.000624
773.000008	773.000000	0.003546	0.000624
773.000008	773.000000	0.003518	0.000624
773.000008	773.000000	0.003491	0.000624
773.000008	773.000000	0.003463	0.000624
773.000008	773.000000	0.003436	0.000624
773.000008	773.000000	0.003410	0.000624
773.000008	773.000000	0.003383	0.000624
773.000008	773.000000	0.003357	0.000624
773.000008	773.000000	0.003331	0.000624
773.000008	773.000000	0.003306	0.000624
773.000008	773.000000	0.003280	0.000624
773.000008	773.000000	0.003255	0.000624
773.000008	773.000000	0.003230	0.000624
773.000008	773.000000	0.003205	0.000624
773.000007	773.000000	0.003181	0.000624
773.000007	773.000000	0.003156	0.000624
773.000007	773.000000	0.003132	0.000624
773.000007	773.000000	0.003109	0.000624
773.000007	773.000000	0.003085	0.000624
773.000007	773.000000	0.003062	0.000624
773.000007	773.000000	0.003039	0.000624
773.000007	773.000000	0.003016	0.000624
773.000007	773.000000	0.002993	0.000624
773.000007	773.000000	0.002971	0.000624
773.000007	773.000000	0.002948	0.000624
773.000007	773.000000	0.002926	0.000624
773.000007	773.000000	0.002904	0.000624
773.000007	773.000000	0.002883	0.000624
773.000007	773.000000	0.002861	0.000624
773.000007	773.000000	0.002840	0.000624
773.000007	773.000000	0.002819	0.000624
773.000007	773.000000	0.002798	0.000624
773.000006	773.000000	0.002778	0.000624
773.000006	773.000000	0.002757	0.000624
773.000006	773.000000	0.002737	0.000624
773.000006	773.000000	0.002717	0.000624
773.000006	773.000000	0.002697	0.000624
773.000006	773.000000	0.002677	0.000624
773.000006	773.000000	0.002658	0.000624
773.000006	773.000000	0.002639	0.000624
773.000006	773.000000	0.002620	0.000624
773.000006	773.000000	0.002601	0.000624
773.000006	773.000000	0.002582	0.000624
773.000006	773.000000	0.002563	0.000624
773.000006	773.000000	0.002545	0.000624
773.000006	773.000000	0.002527	0.000624
773.000006	773.000000	0.002509	0.000624
773.000006	773.000000	0.002491	0.000624
773.000006	773.000000	0.002473	0.000624
773.000006	773.000000	0.002456	0.000624
773.000006	773.000000	0.002438	0.000624
773.000006	773.000000	0.002421	0.000624
773.000006	773.000000	0.002404	0.000624
773.000005	773.000000	0.002387	0.000624
773.000005	773.000000	0.002370	0.000624
773.000005	773.000000	0.002354	0.000624
773.000005	773.000000	0.002337	0.000624
773.000005	773.000000	0.002321	0.000624
773.000005	773.000000	0.002305	0.000624
773.000005	773.000000	0.002289	0.000624
773.000005	773.000000	0.002273	0.000624
773.000005	773.000000	0.002258	0.000624
773.000005	773.000000	0.002242	0.000624
773.000005	773.000000	0.002227	0.000624
773.000005	773.000000	0.002212	0.000624
773.000005	773.000000	0.002196	0.000624
773.000005	773.000000	0.002182	0.000624
773.000005	773.000000	0.002167	0.000624
773.000005	773.000000	0.002152	0.000624
773.000005	773.000000	0.002138	0.000624
773.000005	773.000000	0.002123	0.000624
773.000005	773.000000	0.002109	0.000624
773.000005	773.000000	0.002095	0.000624
773.000005	773.000000	0.002081	0.000624
773.000005	773.000000	0.002067	0.000624
773.000005	773.000000	0.002054	0.000624
773.000005	773.000000	0.002040	0.000624
773.000005	773.000000	0.002027	0.000624
773.000004	773.000000	0.002013	0.000624
773.000004	773.000000	0.002000	0.000624
773.000004	773.000000	0.001987	0.000624
773.000004	773.000000	0.001974	0.000624
773.000004	773.000000	0.001961	0.000624
773.000004	773.000000	0.001949	0.000624
773.000004	773.000000	0.001936	0.000624
773.000004	773.000000	0.001924	0.000624
773.000004	773.000000	0.001911	0.000624
773.000004	773.000000	0.001899	0.000624
773.000004	773.000000	0.001887	0.000624
773.000004	773.000000	0.001875	0.000624
